
Filling stored sums matrix with 62 X 62 terms guaranteeing 20 digits accuracy...

Processing the barrier for X= 6000000185827.00000000000000000...6000000185828.00000000000000000 (N = 690988), y0 = 0.1809000000...1 , t = 0...0.1809000000

Rectangle(1) : 0, 52725.000000000000000, 9600.0000000000000000, 0.0000000000, 4.2783620904181587383, 38396
Rectangle(2) : 7.1661680235526955681e-5, 52561.000000000000000, 9570.0000000000000000, 0.0000000000, 4.2745641321342917146, 38276
Rectangle(3) : 0.00014347470000559015301, 52397.000000000000000, 9540.0000000000000000, 0.0000000000, 4.2707641215968937400, 38156
Rectangle(4) : 0.00021543996751321260734, 52233.000000000000000, 9510.0000000000000000, 0.0000000000, 4.2669620370723435279, 38036
Rectangle(5) : 0.00028755839909999382856, 52070.000000000000000, 9480.0000000000000000, 0.0000000000, 4.2631578566592219636, 37916
Rectangle(6) : 0.00035982953135770886531, 51906.000000000000000, 9451.0000000000000000, 0.0000000000, 4.2593516313282568879, 37800
Rectangle(7) : 0.00043225567922747838883, 51743.000000000000000, 9421.0000000000000000, 0.0000000000, 4.2555432658769444265, 37680
Rectangle(8) : 0.00050483638127175383530, 51579.000000000000000, 9391.0000000000000000, 0.0000000000, 4.2517328114746657407, 37560
Rectangle(9) : 0.00057757398400687211485, 51416.000000000000000, 9361.0000000000000000, 0.0000000000, 4.2479201720295449366, 37440
Rectangle(10) : 0.00065046802811822937594, 51254.000000000000000, 9331.0000000000000000, 0.0000000000, 4.2441053989099549811, 37320
Rectangle(11) : 0.00072351804175443250118, 51091.000000000000000, 9302.0000000000000000, 0.0000000000, 4.2402885439436328199, 37204
Rectangle(12) : 0.00079672640612278764827, 50928.000000000000000, 9272.0000000000000000, 0.0000000000, 4.2364695100428614846, 37084
Rectangle(13) : 0.00087009409207241970695, 50766.000000000000000, 9242.0000000000000000, 0.0000000000, 4.2326482742676860114, 36964
Rectangle(14) : 0.00094362063098168350578, 50604.000000000000000, 9213.0000000000000000, 0.0000000000, 4.2288248887512469723, 36848
Rectangle(15) : 0.0010173069974497739131, 50442.000000000000000, 9183.0000000000000000, 0.0000000000, 4.2249993305599895855, 36728
Rectangle(16) : 0.0010911541750113295530, 50280.000000000000000, 9154.0000000000000000, 0.0000000000, 4.2211715765787896196, 36612
Rectangle(17) : 0.0011651631562479801023, 50118.000000000000000, 9124.0000000000000000, 0.0000000000, 4.2173416035087406864, 36492
Rectangle(18) : 0.0012393349429016522497, 49957.000000000000000, 9095.0000000000000000, 0.0000000000, 4.2135093878649078744, 36376
Rectangle(19) : 0.0013136690579979332089, 49796.000000000000000, 9065.0000000000000000, 0.0000000000, 4.2096749826676803267, 36256
Rectangle(20) : 0.0013881665072442116314, 49634.000000000000000, 9036.0000000000000000, 0.0000000000, 4.2058383644374490472, 36140
Rectangle(21) : 0.0014628298099084629318, 49473.000000000000000, 9006.0000000000000000, 0.0000000000, 4.2019994322261790408, 36020
Rectangle(22) : 0.0015376584928714160384, 49313.000000000000000, 8977.0000000000000000, 0.0000000000, 4.1981582393652873497, 35904
Rectangle(23) : 0.0016126520694002276570, 49152.000000000000000, 8948.0000000000000000, 0.0000000000, 4.1943148396800720346, 35788
Rectangle(24) : 0.0016878130972257499559, 48992.000000000000000, 8918.0000000000000000, 0.0000000000, 4.1904691311408080037, 35668
Rectangle(25) : 0.0017631410922278075980, 48831.000000000000000, 8889.0000000000000000, 0.0000000000, 4.1866211677850645878, 35552
Rectangle(26) : 0.0018386386484479354797, 48671.000000000000000, 8860.0000000000000000, 0.0000000000, 4.1827708465869273442, 35436
Rectangle(27) : 0.0019143052845677383878, 48511.000000000000000, 8831.0000000000000000, 0.0000000000, 4.1789182217964275445, 35320
Rectangle(28) : 0.0019901420684269956191, 48351.000000000000000, 8801.0000000000000000, 0.0000000000, 4.1750632687735499547, 35200
Rectangle(29) : 0.0020661500779567581877, 48192.000000000000000, 8772.0000000000000000, 0.0000000000, 4.1712059626763545696, 35084
Rectangle(30) : 0.0021423288205421739117, 48032.000000000000000, 8743.0000000000000000, 0.0000000000, 4.1673463584821343112, 34968
Rectangle(31) : 0.0022186809682454162149, 47873.000000000000000, 8714.0000000000000000, 0.0000000000, 4.1634843510138538444, 34852
Rectangle(32) : 0.0022952060314546125019, 47714.000000000000000, 8685.0000000000000000, 0.0000000000, 4.1596199954658856027, 34736
Rectangle(33) : 0.0023719051133900169031, 47555.000000000000000, 8656.0000000000000000, 0.0000000000, 4.1557532665857077623, 34620
Rectangle(34) : 0.0024487793278067072146, 47396.000000000000000, 8627.0000000000000000, 0.0000000000, 4.1518841389115376483, 34504
Rectangle(35) : 0.0025258297991315349986, 47238.000000000000000, 8598.0000000000000000, 0.0000000000, 4.1480125867696798434, 34388
Rectangle(36) : 0.0026030560277349830667, 47079.000000000000000, 8569.0000000000000000, 0.0000000000, 4.1441386662137381476, 34272
Rectangle(37) : 0.0026804607871014466311, 46921.000000000000000, 8540.0000000000000000, 0.0000000000, 4.1402622693013714689, 34156
Rectangle(38) : 0.0027580435809315306334, 46763.000000000000000, 8511.0000000000000000, 0.0000000000, 4.1363834523080130824, 34040
Rectangle(39) : 0.0028358055605373731388, 46605.000000000000000, 8482.0000000000000000, 0.0000000000, 4.1325021891260385910, 33924
Rectangle(40) : 0.0029137478883804380158, 46447.000000000000000, 8454.0000000000000000, 0.0000000000, 4.1286184534280582082, 33812
Rectangle(41) : 0.0029918717382184912422, 46290.000000000000000, 8425.0000000000000000, 0.0000000000, 4.1247322186640938986, 33696
Rectangle(42) : 0.0030701766036033280082, 46132.000000000000000, 8396.0000000000000000, 0.0000000000, 4.1208435419964941303, 33580
Rectangle(43) : 0.0031486653650269925823, 45975.000000000000000, 8367.0000000000000000, 0.0000000000, 4.1169523125943473201, 33464
Rectangle(44) : 0.0032273375197326880107, 45818.000000000000000, 8339.0000000000000000, 0.0000000000, 4.1130585878466168237, 33352
Rectangle(45) : 0.0033061942700894608253, 45661.000000000000000, 8310.0000000000000000, 0.0000000000, 4.1091623407442673573, 33236
Rectangle(46) : 0.0033852368302774608113, 45505.000000000000000, 8282.0000000000000000, 0.0000000000, 4.1052635440472597938, 33124
Rectangle(47) : 0.0034644646853273950997, 45348.000000000000000, 8253.0000000000000000, 0.0000000000, 4.1013622559435646756, 33008
Rectangle(48) : 0.0035438808063458207122, 45192.000000000000000, 8224.0000000000000000, 0.0000000000, 4.0974583631749178314, 32892
Rectangle(49) : 0.0036234846823233149110, 45036.000000000000000, 8196.0000000000000000, 0.0000000000, 4.0935519241607937865, 32780
Rectangle(50) : 0.0037032775574490097725, 44880.000000000000000, 8167.0000000000000000, 0.0000000000, 4.0896429111827278854, 32664
Rectangle(51) : 0.0037832606882685892709, 44724.000000000000000, 8139.0000000000000000, 0.0000000000, 4.0857312962823922451, 32552
Rectangle(52) : 0.0038634353438513276719, 44568.000000000000000, 8111.0000000000000000, 0.0000000000, 4.0818170512584384669, 32440
Rectangle(53) : 0.0039438028059599804825, 44413.000000000000000, 8082.0000000000000000, 0.0000000000, 4.0779001476632883131, 32324
Rectangle(54) : 0.0040243625553050661177, 44257.000000000000000, 8054.0000000000000000, 0.0000000000, 4.0739806449768759687, 32212
Rectangle(55) : 0.0041051177046594479323, 44102.000000000000000, 8026.0000000000000000, 0.0000000000, 4.0700584261950551203, 32100
Rectangle(56) : 0.0041860677392654761197, 43947.000000000000000, 7997.0000000000000000, 0.0000000000, 4.0661335510339801492, 31984
Rectangle(57) : 0.0042672139733891701181, 43793.000000000000000, 7969.0000000000000000, 0.0000000000, 4.0622059905307720433, 31872
Rectangle(58) : 0.0043485558771301965845, 43638.000000000000000, 7941.0000000000000000, 0.0000000000, 4.0582758051351282664, 31760
Rectangle(59) : 0.0044300966398859399336, 43484.000000000000000, 7913.0000000000000000, 0.0000000000, 4.0543428758261280179, 31648
Rectangle(60) : 0.0045118357364691918887, 43329.000000000000000, 7884.0000000000000000, 0.0000000000, 4.0504072632948958033, 31532
Rectangle(61) : 0.0045937764058429345508, 43175.000000000000000, 7856.0000000000000000, 0.0000000000, 4.0464688472354006347, 31420
Rectangle(62) : 0.0046759181278402802516, 43021.000000000000000, 7828.0000000000000000, 0.0000000000, 4.0425276885797649310, 31308
Rectangle(63) : 0.0047582622781059589883, 42868.000000000000000, 7800.0000000000000000, 0.0000000000, 4.0385837573050311821, 31196
Rectangle(64) : 0.0048408083207789325626, 42714.000000000000000, 7772.0000000000000000, 0.0000000000, 4.0346371151044639467, 31084
Rectangle(65) : 0.0049235595759904431668, 42561.000000000000000, 7744.0000000000000000, 0.0000000000, 4.0306876395585647923, 30972
Rectangle(66) : 0.0050065155131056088065, 42407.000000000000000, 7716.0000000000000000, 0.0000000000, 4.0267353926069261486, 30860
Rectangle(67) : 0.0050896795047250802652, 42254.000000000000000, 7688.0000000000000000, 0.0000000000, 4.0227802504832244463, 30748
Rectangle(68) : 0.0051730510257759446673, 42102.000000000000000, 7660.0000000000000000, 0.0000000000, 4.0188222753727773755, 30636
Rectangle(69) : 0.0052566295321502921419, 41949.000000000000000, 7632.0000000000000000, 0.0000000000, 4.0148615301241038696, 30524
Rectangle(70) : 0.0053404184551311523261, 41796.000000000000000, 7605.0000000000000000, 0.0000000000, 4.0108978894522234447, 30416
Rectangle(71) : 0.0054244192659611892542, 41644.000000000000000, 7577.0000000000000000, 0.0000000000, 4.0069313216412568924, 30304
Rectangle(72) : 0.0055086314290973254777, 41492.000000000000000, 7549.0000000000000000, 0.0000000000, 4.0029618899178593024, 30192
Rectangle(73) : 0.0055930564240341291821, 41340.000000000000000, 7521.0000000000000000, 0.0000000000, 3.9989895625396046014, 30080
Rectangle(74) : 0.0056776957458178641749, 41188.000000000000000, 7494.0000000000000000, 0.0000000000, 3.9950143074716295062, 29972
Rectangle(75) : 0.0057625509052689574425, 41037.000000000000000, 7466.0000000000000000, 0.0000000000, 3.9910360923825667899, 29860
Rectangle(76) : 0.0058476213561396976718, 40885.000000000000000, 7438.0000000000000000, 0.0000000000, 3.9870549815678055699, 29748
Rectangle(77) : 0.0059329107038605685430, 40734.000000000000000, 7411.0000000000000000, 0.0000000000, 3.9830708453110585788, 29640
Rectangle(78) : 0.0060184184086111714442, 40583.000000000000000, 7383.0000000000000000, 0.0000000000, 3.9790837481636318938, 29528
Rectangle(79) : 0.0061041460223450903732, 40432.000000000000000, 7355.0000000000000000, 0.0000000000, 3.9750936571582513350, 29416
Rectangle(80) : 0.0061900951135886165736, 40281.000000000000000, 7328.0000000000000000, 0.0000000000, 3.9711005390185647304, 29308
Rectangle(81) : 0.0062762672676815776404, 40131.000000000000000, 7300.0000000000000000, 0.0000000000, 3.9671043601547776984, 29196
Rectangle(82) : 0.0063626619341527539803, 39980.000000000000000, 7273.0000000000000000, 0.0000000000, 3.9631051862234470305, 29088
Rectangle(83) : 0.0064492828742784029806, 39830.000000000000000, 7246.0000000000000000, 0.0000000000, 3.9591028835867330661, 28980
Rectangle(84) : 0.0065361295447174372027, 39680.000000000000000, 7218.0000000000000000, 0.0000000000, 3.9550975181617203630, 28868
Rectangle(85) : 0.0066232035749130450747, 39530.000000000000000, 7191.0000000000000000, 0.0000000000, 3.9510890556809993792, 28760
Rectangle(86) : 0.0067105066119907328910, 39380.000000000000000, 7164.0000000000000000, 0.0000000000, 3.9470774615501244721, 28652
Rectangle(87) : 0.0067980403210194308207, 39231.000000000000000, 7136.0000000000000000, 0.0000000000, 3.9430627008429236547, 28540
Rectangle(88) : 0.0068858041481164439903, 39082.000000000000000, 7109.0000000000000000, 0.0000000000, 3.9390448406197797575, 28432
Rectangle(89) : 0.0069737997686225537021, 38933.000000000000000, 7082.0000000000000000, 0.0000000000, 3.9350238459123185339, 28324
Rectangle(90) : 0.0070620288762154008635, 38784.000000000000000, 7055.0000000000000000, 0.0000000000, 3.9309996814155816254, 28216
Rectangle(91) : 0.0071504931831825930465, 38635.000000000000000, 7027.0000000000000000, 0.0000000000, 3.9269723114831578666, 28104
Rectangle(92) : 0.0072391944206999518628, 38486.000000000000000, 7000.0000000000000000, 0.0000000000, 3.9229417001222261358, 27996
Rectangle(93) : 0.0073281343391150177604, 38338.000000000000000, 6973.0000000000000000, 0.0000000000, 3.9189078109885077891, 27888
Rectangle(94) : 0.0074173123820747054799, 38190.000000000000000, 6946.0000000000000000, 0.0000000000, 3.9148707125876806341, 27780
Rectangle(95) : 0.0075067303111814789974, 38042.000000000000000, 6919.0000000000000000, 0.0000000000, 3.9108303685249036117, 27672
Rectangle(96) : 0.0075963899076413103315, 37894.000000000000000, 6892.0000000000000000, 0.0000000000, 3.9067867420485418315, 27564
Rectangle(97) : 0.0076862929725605202811, 37746.000000000000000, 6865.0000000000000000, 0.0000000000, 3.9027397960449219334, 27456
Rectangle(98) : 0.0077764413272482996997, 37598.000000000000000, 6838.0000000000000000, 0.0000000000, 3.8986894930329905668, 27348
Rectangle(99) : 0.0078668368135250428926, 37451.000000000000000, 6811.0000000000000000, 0.0000000000, 3.8946357951588738026, 27240
Rectangle(100) : 0.0079574788736878923172, 37304.000000000000000, 6785.0000000000000000, 0.0000000000, 3.8905787724188321344, 27136
Rectangle(101) : 0.0080483693619041380854, 37157.000000000000000, 6758.0000000000000000, 0.0000000000, 3.8865183868989964684, 27028
Rectangle(102) : 0.0081395101533269923650, 37010.000000000000000, 6731.0000000000000000, 0.0000000000, 3.8824546003068060813, 26920
Rectangle(103) : 0.0082309031444187731292, 36864.000000000000000, 6704.0000000000000000, 0.0000000000, 3.8783873739653499566, 26812
Rectangle(104) : 0.0083225477671934408255, 36717.000000000000000, 6678.0000000000000000, 0.0000000000, 3.8743167791263683228, 26708
Rectangle(105) : 0.0084144484338907845170, 36571.000000000000000, 6651.0000000000000000, 0.0000000000, 3.8702426661996367270, 26600
Rectangle(106) : 0.0085066045867495971480, 36425.000000000000000, 6624.0000000000000000, 0.0000000000, 3.8661651067158304021, 26492
Rectangle(107) : 0.0085990181792469432126, 36279.000000000000000, 6598.0000000000000000, 0.0000000000, 3.8620840611445263787, 26388
Rectangle(108) : 0.0086916911873547886983, 36133.000000000000000, 6571.0000000000000000, 0.0000000000, 3.8579994895528869474, 26280
Rectangle(109) : 0.0087846256098924381309, 35988.000000000000000, 6544.0000000000000000, 0.0000000000, 3.8539113515995449301, 26172
Rectangle(110) : 0.0088778208791933035563, 35842.000000000000000, 6518.0000000000000000, 0.0000000000, 3.8498197201149929285, 26068
Rectangle(111) : 0.0089712816157625517269, 35697.000000000000000, 6491.0000000000000000, 0.0000000000, 3.8457244405388431211, 25960
Rectangle(112) : 0.0090650072633110528088, 35552.000000000000000, 6465.0000000000000000, 0.0000000000, 3.8416255859839691109, 25856
Rectangle(113) : 0.0091589998821787387086, 35407.000000000000000, 6439.0000000000000000, 0.0000000000, 3.8375231151939385423, 25752
Rectangle(114) : 0.0092532615568530669076, 35263.000000000000000, 6412.0000000000000000, 0.0000000000, 3.8334169864841144692, 25644
Rectangle(115) : 0.0093477917155600434686, 35118.000000000000000, 6386.0000000000000000, 0.0000000000, 3.8293072741679428435, 25540
Rectangle(116) : 0.0094425951575034326947, 34974.000000000000000, 6360.0000000000000000, 0.0000000000, 3.8251938194645144659, 25436
Rectangle(117) : 0.0095376713232112303291, 34830.000000000000000, 6333.0000000000000000, 0.0000000000, 3.8210766969741845338, 25328
Rectangle(118) : 0.0096330223624582640511, 34686.000000000000000, 6307.0000000000000000, 0.0000000000, 3.8169558640478498777, 25224
Rectangle(119) : 0.0097286504505643544010, 34542.000000000000000, 6281.0000000000000000, 0.0000000000, 3.8128312775872050407, 25120
Rectangle(120) : 0.0098245577888072819975, 34399.000000000000000, 6255.0000000000000000, 0.0000000000, 3.8087028940377043193, 25016
Rectangle(121) : 0.0099207438085763945973, 34256.000000000000000, 6228.0000000000000000, 0.0000000000, 3.8045707893874300025, 24908
Rectangle(122) : 0.010017210727930301358, 34112.000000000000000, 6202.0000000000000000, 0.0000000000, 3.8004349199848835538, 24804
Rectangle(123) : 0.010113963627789145271, 33969.000000000000000, 6176.0000000000000000, 0.0000000000, 3.7962951204808748371, 24700
Rectangle(124) : 0.010211001960400669744, 33827.000000000000000, 6150.0000000000000000, 0.0000000000, 3.7921514672946156500, 24596
Rectangle(125) : 0.010308325148010999234, 33684.000000000000000, 6124.0000000000000000, 0.0000000000, 3.7880040378423132498, 24492
Rectangle(126) : 0.010405938377967130135, 33542.000000000000000, 6098.0000000000000000, 0.0000000000, 3.7838526643139159194, 24388
Rectangle(127) : 0.010503841086938387541, 33399.000000000000000, 6072.0000000000000000, 0.0000000000, 3.7796974244210609799, 24284
Rectangle(128) : 0.010602038560647811804, 33257.000000000000000, 6046.0000000000000000, 0.0000000000, 3.7755381480953827617, 24180
Rectangle(129) : 0.010700530251061721140, 33115.000000000000000, 6020.0000000000000000, 0.0000000000, 3.7713749133397192067, 24076
Rectangle(130) : 0.010799318561897889619, 32974.000000000000000, 5995.0000000000000000, 0.0000000000, 3.7672076734845225675, 23976
Rectangle(131) : 0.010898402921498924452, 32832.000000000000000, 5969.0000000000000000, 0.0000000000, 3.7630365077210028336, 23872
Rectangle(132) : 0.010997788780043058310, 32691.000000000000000, 5943.0000000000000000, 0.0000000000, 3.7588612422244601603, 23768
Rectangle(133) : 0.011097475581983178226, 32550.000000000000000, 5917.0000000000000000, 0.0000000000, 3.7546819564831094455, 23664
Rectangle(134) : 0.011197465811061000329, 32409.000000000000000, 5892.0000000000000000, 0.0000000000, 3.7504986026691957554, 23564
Rectangle(135) : 0.011297761981960108470, 32268.000000000000000, 5866.0000000000000000, 0.0000000000, 3.7463111324249119714, 23460
Rectangle(136) : 0.011398366640830348707, 32128.000000000000000, 5840.0000000000000000, 0.0000000000, 3.7421194968537011994, 23356
Rectangle(137) : 0.011499279224771263212, 31987.000000000000000, 5815.0000000000000000, 0.0000000000, 3.7379237769732341437, 23256
Rectangle(138) : 0.011600505465962160581, 31847.000000000000000, 5789.0000000000000000, 0.0000000000, 3.7337237925872407337, 23152
Rectangle(139) : 0.011702044819514684860, 31707.000000000000000, 5764.0000000000000000, 0.0000000000, 3.7295196250109372992, 23052
Rectangle(140) : 0.011803899918546789358, 31567.000000000000000, 5738.0000000000000000, 0.0000000000, 3.7253112240974658019, 22948
Rectangle(141) : 0.011906073429621565732, 31428.000000000000000, 5713.0000000000000000, 0.0000000000, 3.7210985391323192671, 22848
Rectangle(142) : 0.012008564792073275012, 31288.000000000000000, 5687.0000000000000000, 0.0000000000, 3.7168816528625756973, 22744
Rectangle(143) : 0.012111379981694298270, 31149.000000000000000, 5662.0000000000000000, 0.0000000000, 3.7126603796512481096, 22644
Rectangle(144) : 0.012214518457396608075, 31010.000000000000000, 5636.0000000000000000, 0.0000000000, 3.7084348025454625336, 22540
Rectangle(145) : 0.012317982978600911930, 30871.000000000000000, 5611.0000000000000000, 0.0000000000, 3.7042048695051903701, 22440
Rectangle(146) : 0.012421776340315958102, 30732.000000000000000, 5586.0000000000000000, 0.0000000000, 3.6999705278916915125, 22340
Rectangle(147) : 0.012525901373762908886, 30594.000000000000000, 5561.0000000000000000, 0.0000000000, 3.6957317244573515853, 22240
Rectangle(148) : 0.012630357532632535335, 30456.000000000000000, 5535.0000000000000000, 0.0000000000, 3.6914885438843164578, 22136
Rectangle(149) : 0.012735147673947360541, 30317.000000000000000, 5510.0000000000000000, 0.0000000000, 3.6872409327484562706, 22036
Rectangle(150) : 0.012840278159574185631, 30180.000000000000000, 5485.0000000000000000, 0.0000000000, 3.6829886969008777437, 21936
Rectangle(151) : 0.012945744981870437379, 30042.000000000000000, 5460.0000000000000000, 0.0000000000, 3.6787320623602740519, 21836
Rectangle(152) : 0.013051554583839689561, 29904.000000000000000, 5435.0000000000000000, 0.0000000000, 3.6744708332122328253, 21736
Rectangle(153) : 0.013157709975533517571, 29767.000000000000000, 5410.0000000000000000, 0.0000000000, 3.6702049534817841364, 21636
Rectangle(154) : 0.013264210629058622021, 29630.000000000000000, 5385.0000000000000000, 0.0000000000, 3.6659345098392022647, 21536
Rectangle(155) : 0.013371059583153768908, 29493.000000000000000, 5360.0000000000000000, 0.0000000000, 3.6616594461060855105, 21436
Rectangle(156) : 0.013478259916999294473, 29356.000000000000000, 5335.0000000000000000, 0.0000000000, 3.6573797054357556217, 21336
Rectangle(157) : 0.013585814750949279336, 29219.000000000000000, 5310.0000000000000000, 0.0000000000, 3.6530952303015584377, 21236
Rectangle(158) : 0.013693727247280487058, 29083.000000000000000, 5285.0000000000000000, 0.0000000000, 3.6488059624849059010, 21136
Rectangle(159) : 0.013801996888049489771, 28947.000000000000000, 5260.0000000000000000, 0.0000000000, 3.6445119905503944459, 21036
Rectangle(160) : 0.013910626866650049223, 28811.000000000000000, 5235.0000000000000000, 0.0000000000, 3.6402132560544811221, 20936
Rectangle(161) : 0.014019620419669884741, 28675.000000000000000, 5211.0000000000000000, 0.0000000000, 3.6359096998463338005, 20840
Rectangle(162) : 0.014128980827685450000, 28539.000000000000000, 5186.0000000000000000, 0.0000000000, 3.6316012620552500436, 20740
Rectangle(163) : 0.014238711416075206125, 28404.000000000000000, 5161.0000000000000000, 0.0000000000, 3.6272878820777932860, 20640
Rectangle(164) : 0.014348811679491548657, 28268.000000000000000, 5137.0000000000000000, 0.0000000000, 3.6229696504286124169, 20544
Rectangle(165) : 0.014459288885180971765, 28133.000000000000000, 5112.0000000000000000, 0.0000000000, 3.6186463534931007604, 20444
Rectangle(166) : 0.014570142557149588719, 27999.000000000000000, 5087.0000000000000000, 0.0000000000, 3.6143180820785585295, 20344
Rectangle(167) : 0.014681372175424475627, 27864.000000000000000, 5063.0000000000000000, 0.0000000000, 3.6099849284051781186, 20248
Rectangle(168) : 0.014792985186062043030, 27729.000000000000000, 5038.0000000000000000, 0.0000000000, 3.6056466750986030948, 20148
Rectangle(169) : 0.014904985138281690442, 27595.000000000000000, 5014.0000000000000000, 0.0000000000, 3.6013032582261038886, 20052
Rectangle(170) : 0.015017371558221031043, 27461.000000000000000, 4989.0000000000000000, 0.0000000000, 3.5969547704578793353, 19952
Rectangle(171) : 0.015130148032874462431, 27327.000000000000000, 4965.0000000000000000, 0.0000000000, 3.5926011475747460554, 19856
Rectangle(172) : 0.015243318199653645878, 27193.000000000000000, 4940.0000000000000000, 0.0000000000, 3.5882423245476016025, 19756
Rectangle(173) : 0.015356885747351494648, 27060.000000000000000, 4916.0000000000000000, 0.0000000000, 3.5838782355224650087, 19660
Rectangle(174) : 0.015470850205426973768, 26926.000000000000000, 4892.0000000000000000, 0.0000000000, 3.5795089750905349281, 19564
Rectangle(175) : 0.015585219550115770282, 26793.000000000000000, 4868.0000000000000000, 0.0000000000, 3.5751343148170836741, 19468
Rectangle(176) : 0.015699993346063110396, 26660.000000000000000, 4843.0000000000000000, 0.0000000000, 3.5707543495784660684, 19368
Rectangle(177) : 0.015815175429693210399, 26528.000000000000000, 4819.0000000000000000, 0.0000000000, 3.5663690115025295466, 19272
Rectangle(178) : 0.015930765335132841338, 26395.000000000000000, 4795.0000000000000000, 0.0000000000, 3.5619783971618544078, 19176
Rectangle(179) : 0.016046771336161894356, 26263.000000000000000, 4771.0000000000000000, 0.0000000000, 3.5575822720091035295, 19080
Rectangle(180) : 0.016163193004364655028, 26131.000000000000000, 4747.0000000000000000, 0.0000000000, 3.5531807329033246008, 18984
Rectangle(181) : 0.016280034332017761476, 25999.000000000000000, 4723.0000000000000000, 0.0000000000, 3.5487737098584090968, 18888
Rectangle(182) : 0.016397299369513757826, 25867.000000000000000, 4699.0000000000000000, 0.0000000000, 3.5443611319721855036, 18792
Rectangle(183) : 0.016514992226511948010, 25735.000000000000000, 4675.0000000000000000, 0.0000000000, 3.5399429274089051572, 18696
Rectangle(184) : 0.016633117073118083824, 25604.000000000000000, 4651.0000000000000000, 0.0000000000, 3.5355190233813044055, 18600
Rectangle(185) : 0.016751673510525571107, 25473.000000000000000, 4627.0000000000000000, 0.0000000000, 3.5310895189332124815, 18504
Rectangle(186) : 0.016870665757961413469, 25342.000000000000000, 4603.0000000000000000, 0.0000000000, 3.5266543408878791636, 18408
Rectangle(187) : 0.016990098097196196799, 25211.000000000000000, 4579.0000000000000000, 0.0000000000, 3.5222134150921593908, 18312
Rectangle(188) : 0.017109974873805302324, 25081.000000000000000, 4555.0000000000000000, 0.0000000000, 3.5177666663975091620, 18216
Rectangle(189) : 0.017230295700981152935, 24950.000000000000000, 4532.0000000000000000, 0.0000000000, 3.5133141959569445590, 18124
Rectangle(190) : 0.017351069817051571554, 24820.000000000000000, 4508.0000000000000000, 0.0000000000, 3.5088557497342257452, 18028
Rectangle(191) : 0.017472296881907906194, 24690.000000000000000, 4484.0000000000000000, 0.0000000000, 3.5043914291418696567, 17932
Rectangle(192) : 0.017593981427438156078, 24560.000000000000000, 4461.0000000000000000, 0.0000000000, 3.4999211565419348988, 17840
Rectangle(193) : 0.017716128054333186001, 24431.000000000000000, 4437.0000000000000000, 0.0000000000, 3.4954448532335489150, 17744
Rectangle(194) : 0.017838736414745512509, 24301.000000000000000, 4413.0000000000000000, 0.0000000000, 3.4909626226791401731, 17648
Rectangle(195) : 0.017961816231324218742, 24172.000000000000000, 4390.0000000000000000, 0.0000000000, 3.4864742012493501475, 17556
Rectangle(196) : 0.018085367207712161409, 24043.000000000000000, 4366.0000000000000000, 0.0000000000, 3.4819796926522428228, 17460
Rectangle(197) : 0.018209394146640425054, 23914.000000000000000, 4343.0000000000000000, 0.0000000000, 3.4774790155082928881, 17368
Rectangle(198) : 0.018333901925159631080, 23786.000000000000000, 4319.0000000000000000, 0.0000000000, 3.4729720873011211560, 17272
Rectangle(199) : 0.018458890241282607669, 23657.000000000000000, 4296.0000000000000000, 0.0000000000, 3.4684590138624819803, 17180
Rectangle(200) : 0.018584369338964582644, 23529.000000000000000, 4273.0000000000000000, 0.0000000000, 3.4639395213663209683, 17088
Rectangle(201) : 0.018710338973091248502, 23401.000000000000000, 4249.0000000000000000, 0.0000000000, 3.4594137158727057359, 16992
Rectangle(202) : 0.018836804240211145333, 23273.000000000000000, 4226.0000000000000000, 0.0000000000, 3.4548815119778976109, 16900
Rectangle(203) : 0.018963770317295229791, 23146.000000000000000, 4203.0000000000000000, 0.0000000000, 3.4503428230602110258, 16808
Rectangle(204) : 0.019091236956155517142, 23018.000000000000000, 4180.0000000000000000, 0.0000000000, 3.4457977573795736645, 16716
Rectangle(205) : 0.019219214962818979375, 22891.000000000000000, 4156.0000000000000000, 0.0000000000, 3.4412460302553252338, 16620
Rectangle(206) : 0.019347704152031129357, 22764.000000000000000, 4133.0000000000000000, 0.0000000000, 3.4366877501543091782, 16528
Rectangle(207) : 0.019476709939685070192, 22638.000000000000000, 4110.0000000000000000, 0.0000000000, 3.4321228273367931705, 16436
Rectangle(208) : 0.019606232107161737440, 22511.000000000000000, 4087.0000000000000000, 0.0000000000, 3.4275513724427945321, 16344
Rectangle(209) : 0.019736281921583255566, 22385.000000000000000, 4064.0000000000000000, 0.0000000000, 3.4229730920094490394, 16252
Rectangle(210) : 0.019866859231925424387, 22259.000000000000000, 4041.0000000000000000, 0.0000000000, 3.4183880968734621256, 16160
Rectangle(211) : 0.019997969708446088483, 22133.000000000000000, 4018.0000000000000000, 0.0000000000, 3.4137962940027045052, 16068
Rectangle(212) : 0.020129619114039668409, 22007.000000000000000, 3995.0000000000000000, 0.0000000000, 3.4091975889894000477, 15976
Rectangle(213) : 0.020261813306296195880, 21881.000000000000000, 3972.0000000000000000, 0.0000000000, 3.4045918860206557878, 15884
Rectangle(214) : 0.020394558239618286085, 21756.000000000000000, 3950.0000000000000000, 0.0000000000, 3.3999790878481913287, 15796
Rectangle(215) : 0.020527853840273194678, 21631.000000000000000, 3927.0000000000000000, 0.0000000000, 3.3953593078327995606, 15704
Rectangle(216) : 0.020661706149821195212, 21506.000000000000000, 3904.0000000000000000, 0.0000000000, 3.3907324479860688800, 15612
Rectangle(217) : 0.020796121310612884456, 21381.000000000000000, 3881.0000000000000000, 0.0000000000, 3.3860984088383292625, 15520
Rectangle(218) : 0.020931105568076909958, 21257.000000000000000, 3859.0000000000000000, 0.0000000000, 3.3814570894062570074, 15432
Rectangle(219) : 0.021066658895893923507, 21132.000000000000000, 3836.0000000000000000, 0.0000000000, 3.3768086055582939011, 15340
Rectangle(220) : 0.021202794075032589696, 21008.000000000000000, 3813.0000000000000000, 0.0000000000, 3.3721526354916414152, 15248
Rectangle(221) : 0.021339511165450127844, 20884.000000000000000, 3791.0000000000000000, 0.0000000000, 3.3674892951850719612, 15160
Rectangle(222) : 0.021476816724499403460, 20761.000000000000000, 3768.0000000000000000, 0.0000000000, 3.3628184796823674724, 15068
Rectangle(223) : 0.021614710779683757174, 20637.000000000000000, 3746.0000000000000000, 0.0000000000, 3.3581403074339618245, 14980
Rectangle(224) : 0.021753206699993587180, 20514.000000000000000, 3723.0000000000000000, 0.0000000000, 3.3534544458825665796, 14888
Rectangle(225) : 0.021892304606100761138, 20391.000000000000000, 3701.0000000000000000, 0.0000000000, 3.3487610135660276030, 14800
Rectangle(226) : 0.022032011389170057769, 20268.000000000000000, 3679.0000000000000000, 0.0000000000, 3.3440599013122527687, 14712
Rectangle(227) : 0.022172334060440644545, 20146.000000000000000, 3656.0000000000000000, 0.0000000000, 3.3393509982215154211, 14620
Rectangle(228) : 0.022313272757860554970, 20023.000000000000000, 3634.0000000000000000, 0.0000000000, 3.3346344254354929998, 14532
Rectangle(229) : 0.022454841674877759834, 19901.000000000000000, 3612.0000000000000000, 0.0000000000, 3.3299098354706164350, 14444
Rectangle(230) : 0.022597041053575846183, 19779.000000000000000, 3590.0000000000000000, 0.0000000000, 3.3251773495035189156, 14356
Rectangle(231) : 0.022739878272318124302, 19657.000000000000000, 3567.0000000000000000, 0.0000000000, 3.3204368520366325601, 14264
Rectangle(232) : 0.022883360840972376353, 19536.000000000000000, 3545.0000000000000000, 0.0000000000, 3.3156882257006766598, 14176
Rectangle(233) : 0.023027489026153614921, 19414.000000000000000, 3523.0000000000000000, 0.0000000000, 3.3109315943617500496, 14088
Rectangle(234) : 0.023172277920475328635, 19293.000000000000000, 3501.0000000000000000, 0.0000000000, 3.3061665944844747168, 14000
Rectangle(235) : 0.023317727907231378742, 19172.000000000000000, 3479.0000000000000000, 0.0000000000, 3.3013933499067882708, 13912
Rectangle(236) : 0.023463846901071707778, 19052.000000000000000, 3457.0000000000000000, 0.0000000000, 3.2966117382328420818, 13824
Rectangle(237) : 0.023610635256007296802, 18931.000000000000000, 3435.0000000000000000, 0.0000000000, 3.2918218860982583165, 13736
Rectangle(238) : 0.023758108811873244629, 18811.000000000000000, 3413.0000000000000000, 0.0000000000, 3.2870234168381519875, 13648
Rectangle(239) : 0.023906268049385240375, 18691.000000000000000, 3391.0000000000000000, 0.0000000000, 3.2822164570183266271, 13560
Rectangle(240) : 0.024055121318713704697, 18571.000000000000000, 3370.0000000000000000, 0.0000000000, 3.2774008788815859886, 13476
Rectangle(241) : 0.024204677125018243278, 18451.000000000000000, 3348.0000000000000000, 0.0000000000, 3.2725765525110496160, 13388
Rectangle(242) : 0.024354944132362617545, 18332.000000000000000, 3326.0000000000000000, 0.0000000000, 3.2677433457776592502, 13300
Rectangle(243) : 0.024505922931499518006, 18213.000000000000000, 3304.0000000000000000, 0.0000000000, 3.2629013880407072578, 13212
Rectangle(244) : 0.024657622343350432587, 18094.000000000000000, 3283.0000000000000000, 0.0000000000, 3.2580505457945566175, 13128
Rectangle(245) : 0.024810051355497805010, 17975.000000000000000, 3261.0000000000000000, 0.0000000000, 3.2531906832351392587, 13040
Rectangle(246) : 0.024963219126470552674, 17856.000000000000000, 3239.0000000000000000, 0.0000000000, 3.2483216622030940510, 12952
Rectangle(247) : 0.025117134990169202654, 17738.000000000000000, 3218.0000000000000000, 0.0000000000, 3.2434433421251164093, 12868
Rectangle(248) : 0.025271799740542701155, 17620.000000000000000, 3196.0000000000000000, 0.0000000000, 3.2385558550959633967, 12780
Rectangle(249) : 0.025427222887823970360, 17502.000000000000000, 3175.0000000000000000, 0.0000000000, 3.2336590589854390042, 12696
Rectangle(250) : 0.025583414126481577434, 17384.000000000000000, 3154.0000000000000000, 0.0000000000, 3.2287528091514392218, 12612
Rectangle(251) : 0.025740383340077495475, 17267.000000000000000, 3132.0000000000000000, 0.0000000000, 3.2238369583762495129, 12524
Rectangle(252) : 0.025898131469942338790, 17150.000000000000000, 3111.0000000000000000, 0.0000000000, 3.2189116416295278132, 12440
Rectangle(253) : 0.026056668591903244201, 17033.000000000000000, 3089.0000000000000000, 0.0000000000, 3.2139767099964614140, 12352
Rectangle(254) : 0.026216004980677767856, 16916.000000000000000, 3068.0000000000000000, 0.0000000000, 3.2090320118791634102, 12268
Rectangle(255) : 0.026376151115217798798, 16799.000000000000000, 3047.0000000000000000, 0.0000000000, 3.2040773929273464062, 12184
Rectangle(256) : 0.026537117684235439515, 16683.000000000000000, 3026.0000000000000000, 0.0000000000, 3.1991126959667173864, 12100
Rectangle(257) : 0.026698905893548315939, 16567.000000000000000, 3005.0000000000000000, 0.0000000000, 3.1941380586672678722, 12016
Rectangle(258) : 0.026861526649187071772, 16451.000000000000000, 2984.0000000000000000, 0.0000000000, 3.1891533219265133452, 11932
Rectangle(259) : 0.027024991078214274577, 16335.000000000000000, 2963.0000000000000000, 0.0000000000, 3.1841583236951187692, 11848
Rectangle(260) : 0.027189310534822485092, 16220.000000000000000, 2942.0000000000000000, 0.0000000000, 3.1791528988987388346, 11764
Rectangle(261) : 0.027354486422547438164, 16104.000000000000000, 2921.0000000000000000, 0.0000000000, 3.1741371881191372891, 11680
Rectangle(262) : 0.027520540644363082556, 15989.000000000000000, 2900.0000000000000000, 0.0000000000, 3.1691107125585878141, 11596
Rectangle(263) : 0.027687474831151411271, 15875.000000000000000, 2879.0000000000000000, 0.0000000000, 3.1640736121586341194, 11512
Rectangle(264) : 0.027855290491759829168, 15760.000000000000000, 2858.0000000000000000, 0.0000000000, 3.1590260307654798111, 11428
Rectangle(265) : 0.028024010417569821542, 15646.000000000000000, 2837.0000000000000000, 0.0000000000, 3.1539674753387824415, 11344
Rectangle(266) : 0.028193636358726588923, 15532.000000000000000, 2816.0000000000000000, 0.0000000000, 3.1488980890306344931, 11260
Rectangle(267) : 0.028364180917639197376, 15418.000000000000000, 2796.0000000000000000, 0.0000000000, 3.1438176925046390795, 11180
Rectangle(268) : 0.028535656964630028812, 15304.000000000000000, 2775.0000000000000000, 0.0000000000, 3.1387261029339584459, 11096
Rectangle(269) : 0.028708077645689487675, 15191.000000000000000, 2754.0000000000000000, 0.0000000000, 3.1336231339042333360, 11012
Rectangle(270) : 0.028881444977261091476, 15077.000000000000000, 2734.0000000000000000, 0.0000000000, 3.1285089314427700276, 10932
Rectangle(271) : 0.029055783965882353665, 14965.000000000000000, 2713.0000000000000000, 0.0000000000, 3.1233829670814865477, 10848
Rectangle(272) : 0.029231085199900495098, 14852.000000000000000, 2693.0000000000000000, 0.0000000000, 3.1182457285865875462, 10768
Rectangle(273) : 0.029407374300936489412, 14739.000000000000000, 2672.0000000000000000, 0.0000000000, 3.1130966780739150871, 10684
Rectangle(274) : 0.029584665615006230581, 14627.000000000000000, 2652.0000000000000000, 0.0000000000, 3.1079356148719816639, 10604
Rectangle(275) : 0.029762961616569912926, 14515.000000000000000, 2631.0000000000000000, 0.0000000000, 3.1027626873024439926, 10520
Rectangle(276) : 0.029942276992891128496, 14403.000000000000000, 2611.0000000000000000, 0.0000000000, 3.0975776916484283335, 10440
Rectangle(277) : 0.030122626759720846494, 14292.000000000000000, 2591.0000000000000000, 0.0000000000, 3.0923804200140626508, 10360
Rectangle(278) : 0.030304013578921382644, 14180.000000000000000, 2570.0000000000000000, 0.0000000000, 3.0871710241036117639, 10276
Rectangle(279) : 0.030486465696277067536, 14069.000000000000000, 2550.0000000000000000, 0.0000000000, 3.0819489251771977445, 10196
Rectangle(280) : 0.030669986125957726981, 13958.000000000000000, 2530.0000000000000000, 0.0000000000, 3.0767142735524576883, 10116
Rectangle(281) : 0.030854590959999313003, 13848.000000000000000, 2510.0000000000000000, 0.0000000000, 3.0714668491396408416, 10036
Rectangle(282) : 0.031040283251242787934, 13737.000000000000000, 2490.0000000000000000, 0.0000000000, 3.0662068063961168020, 9956
Rectangle(283) : 0.031227093093740867340, 13627.000000000000000, 2470.0000000000000000, 0.0000000000, 3.0609335384812091174, 9876
Rectangle(284) : 0.031415023932405372302, 13517.000000000000000, 2450.0000000000000000, 0.0000000000, 3.0556471982243355203, 9796
Rectangle(285) : 0.031604093045242861058, 13407.000000000000000, 2430.0000000000000000, 0.0000000000, 3.0503475522306891758, 9716
Rectangle(286) : 0.031794318118132447780, 13298.000000000000000, 2410.0000000000000000, 0.0000000000, 3.0450343620425455455, 9636
Rectangle(287) : 0.031985702864864478577, 13189.000000000000000, 2390.0000000000000000, 0.0000000000, 3.0397077838532953605, 9556
Rectangle(288) : 0.032178265438513223392, 13080.000000000000000, 2370.0000000000000000, 0.0000000000, 3.0343675750592097050, 9476
Rectangle(289) : 0.032372024427432123217, 12971.000000000000000, 2351.0000000000000000, 0.0000000000, 3.0290134877109775391, 9400
Rectangle(290) : 0.032566998869472904771, 12863.000000000000000, 2331.0000000000000000, 0.0000000000, 3.0236452683460842010, 9320
Rectangle(291) : 0.032763193013012210081, 12754.000000000000000, 2311.0000000000000000, 0.0000000000, 3.0182630755090373111, 9240
Rectangle(292) : 0.032960641897715756992, 12646.000000000000000, 2292.0000000000000000, 0.0000000000, 3.0128662287770067167, 9164
Rectangle(293) : 0.033159350282088444539, 12539.000000000000000, 2272.0000000000000000, 0.0000000000, 3.0074548842924296730, 9084
Rectangle(294) : 0.033359322758704795897, 12431.000000000000000, 2252.0000000000000000, 0.0000000000, 3.0020292039959214729, 9004
Rectangle(295) : 0.033560596124000904132, 12324.000000000000000, 2233.0000000000000000, 0.0000000000, 2.9965884821484013106, 8928
Rectangle(296) : 0.033763175520475133385, 12217.000000000000000, 2213.0000000000000000, 0.0000000000, 2.9911328780730568085, 8848
Rectangle(297) : 0.033967082607163604925, 12110.000000000000000, 2194.0000000000000000, 0.0000000000, 2.9856621102272701062, 8772
Rectangle(298) : 0.034172339593970150764, 12004.000000000000000, 2175.0000000000000000, 0.0000000000, 2.9801758904755605643, 8696
Rectangle(299) : 0.034378952047358651311, 11897.000000000000000, 2155.0000000000000000, 0.0000000000, 2.9746743813424160383, 8616
Rectangle(300) : 0.034586960316783078985, 11791.000000000000000, 2136.0000000000000000, 0.0000000000, 2.9691568260558417079, 8540
Rectangle(301) : 0.034796370614981352389, 11685.000000000000000, 2117.0000000000000000, 0.0000000000, 2.9636233838564214954, 8464
Rectangle(302) : 0.035007207019248055127, 11580.000000000000000, 2098.0000000000000000, 0.0000000000, 2.9580737465008081147, 8388
Rectangle(303) : 0.035219475909274031648, 11475.000000000000000, 2078.0000000000000000, 0.0000000000, 2.9525080779887591187, 8308
Rectangle(304) : 0.035433202103434272094, 11370.000000000000000, 2059.0000000000000000, 0.0000000000, 2.9469260635687736310, 8232
Rectangle(305) : 0.035648411080001446556, 11265.000000000000000, 2040.0000000000000000, 0.0000000000, 2.9413273807782191698, 8156
Rectangle(306) : 0.035865129001064759398, 11160.000000000000000, 2021.0000000000000000, 0.0000000000, 2.9357116991752482481, 8080
Rectangle(307) : 0.036083382737549996697, 11056.000000000000000, 2002.0000000000000000, 0.0000000000, 2.9300786800588051476, 8004
Rectangle(308) : 0.036303180013242725093, 10952.000000000000000, 1983.0000000000000000, 0.0000000000, 2.9244284862493083660, 7928
Rectangle(309) : 0.036524548574806759823, 10848.000000000000000, 1965.0000000000000000, 0.0000000000, 2.9187607713527773699, 7856
Rectangle(310) : 0.036747516934997834433, 10745.000000000000000, 1946.0000000000000000, 0.0000000000, 2.9130751801514700308, 7780
Rectangle(311) : 0.036972093498995179247, 10641.000000000000000, 1927.0000000000000000, 0.0000000000, 2.9073718780369057342, 7704
Rectangle(312) : 0.037198328991715497426, 10538.000000000000000, 1908.0000000000000000, 0.0000000000, 2.9016499649065468048, 7628
Rectangle(313) : 0.037426232765193059278, 10436.000000000000000, 1890.0000000000000000, 0.0000000000, 2.8959096008633314752, 7556
Rectangle(314) : 0.037655813984133585483, 10333.000000000000000, 1871.0000000000000000, 0.0000000000, 2.8901509537417021978, 7480
Rectangle(315) : 0.037887126376830933998, 10231.000000000000000, 1852.0000000000000000, 0.0000000000, 2.8843730835044769526, 7404
Rectangle(316) : 0.038120180143178747208, 10129.000000000000000, 1834.0000000000000000, 0.0000000000, 2.8785761521620524632, 7332
Rectangle(317) : 0.038355008472941019146, 10027.000000000000000, 1815.0000000000000000, 0.0000000000, 2.8727597568706724076, 7256
Rectangle(318) : 0.038591645528577866898, 9926.0000000000000000, 1797.0000000000000000, 0.0000000000, 2.8669234838786972418, 7184
Rectangle(319) : 0.038830102458245275445, 9825.0000000000000000, 1779.0000000000000000, 0.0000000000, 2.8610674968641224560, 7112
Rectangle(320) : 0.039070414671666560174, 9724.0000000000000000, 1760.0000000000000000, 0.0000000000, 2.8551913712788550623, 7036
Rectangle(321) : 0.039312618638272777272, 9623.0000000000000000, 1742.0000000000000000, 0.0000000000, 2.8492946708343091253, 6964
Rectangle(322) : 0.039556751930472123539, 9523.0000000000000000, 1724.0000000000000000, 0.0000000000, 2.8433769470419894552, 6892
Rectangle(323) : 0.039802827426328680239, 9423.0000000000000000, 1706.0000000000000000, 0.0000000000, 2.8374383610240184656, 6820
Rectangle(324) : 0.040050884134492112104, 9323.0000000000000000, 1688.0000000000000000, 0.0000000000, 2.8314784519134155032, 6748
Rectangle(325) : 0.040300962269417931637, 9223.0000000000000000, 1669.0000000000000000, 0.0000000000, 2.8254967456694354113, 6672
Rectangle(326) : 0.040553103302234741288, 9124.0000000000000000, 1651.0000000000000000, 0.0000000000, 2.8194927545450894926, 6600
Rectangle(327) : 0.040807322148633808527, 9025.0000000000000000, 1633.0000000000000000, 0.0000000000, 2.8134666355690100106, 6528
Rectangle(328) : 0.041063661942048657282, 8926.0000000000000000, 1616.0000000000000000, 0.0000000000, 2.8074178867337383162, 6460
Rectangle(329) : 0.041322167194875650147, 8828.0000000000000000, 1598.0000000000000000, 0.0000000000, 2.8013459911795987701, 6388
Rectangle(330) : 0.041582854325729705286, 8730.0000000000000000, 1580.0000000000000000, 0.0000000000, 2.7952511054545770766, 6316
Rectangle(331) : 0.041845769687179255925, 8632.0000000000000000, 1562.0000000000000000, 0.0000000000, 2.7891326970328981503, 6244
Rectangle(332) : 0.042110961148837376656, 8534.0000000000000000, 1544.0000000000000000, 0.0000000000, 2.7829902172565769574, 6172
Rectangle(333) : 0.042378478165155231936, 8437.0000000000000000, 1527.0000000000000000, 0.0000000000, 2.7768231006449111902, 6104
Rectangle(334) : 0.042648339857776413777, 8340.0000000000000000, 1509.0000000000000000, 0.0000000000, 2.7706314963632846745, 6032
Rectangle(335) : 0.042920597830961459901, 8243.0000000000000000, 1491.0000000000000000, 0.0000000000, 2.7644148207235868974, 5960
Rectangle(336) : 0.043195305439929503926, 8146.0000000000000000, 1474.0000000000000000, 0.0000000000, 2.7581724716920348809, 5892
Rectangle(337) : 0.043472517872005619182, 8050.0000000000000000, 1456.0000000000000000, 0.0000000000, 2.7519038280749947106, 5820
Rectangle(338) : 0.043752257477977668215, 7954.0000000000000000, 1439.0000000000000000, 0.0000000000, 2.7456090287921260164, 5752
Rectangle(339) : 0.044034581972419725798, 7858.0000000000000000, 1422.0000000000000000, 0.0000000000, 2.7392874313641714938, 5684
Rectangle(340) : 0.044319551103415420821, 7763.0000000000000000, 1404.0000000000000000, 0.0000000000, 2.7329383723264892004, 5612
Rectangle(341) : 0.044607189693177946804, 7668.0000000000000000, 1387.0000000000000000, 0.0000000000, 2.7265619856775131858, 5544
Rectangle(342) : 0.044897560322504696045, 7573.0000000000000000, 1370.0000000000000000, 0.0000000000, 2.7201575842886068948, 5476
Rectangle(343) : 0.045190727836605925003, 7479.0000000000000000, 1353.0000000000000000, 0.0000000000, 2.7137244579766576539, 5408
Rectangle(344) : 0.045486719875378041282, 7384.0000000000000000, 1336.0000000000000000, 0.0000000000, 2.7072627342772365962, 5340
Rectangle(345) : 0.045785644947734113411, 7291.0000000000000000, 1319.0000000000000000, 0.0000000000, 2.7007707998305474991, 5272
Rectangle(346) : 0.046087492540633653597, 7197.0000000000000000, 1302.0000000000000000, 0.0000000000, 2.6942496533987958787, 5204
Rectangle(347) : 0.046392376471910407227, 7104.0000000000000000, 1285.0000000000000000, 0.0000000000, 2.6876976223746435891, 5136
Rectangle(348) : 0.046700329402987918994, 7011.0000000000000000, 1268.0000000000000000, 0.0000000000, 2.6811148144499490770, 5068
Rectangle(349) : 0.047011428363828020132, 6918.0000000000000000, 1251.0000000000000000, 0.0000000000, 2.6745004096373045529, 5000
Rectangle(350) : 0.047325753372448619229, 6826.0000000000000000, 1234.0000000000000000, 0.0000000000, 2.6678535584238653836, 4932
Rectangle(351) : 0.047643341060468523328, 6733.0000000000000000, 1218.0000000000000000, 0.0000000000, 2.6611743562237803802, 4868
Rectangle(352) : 0.047964323439233380061, 6642.0000000000000000, 1201.0000000000000000, 0.0000000000, 2.6544609240331267163, 4800
Rectangle(353) : 0.048288692744266973363, 6550.0000000000000000, 1184.0000000000000000, 0.0000000000, 2.6477143412138450410, 4732
Rectangle(354) : 0.048616588063536262683, 6459.0000000000000000, 1168.0000000000000000, 0.0000000000, 2.6409326527103703708, 4668
Rectangle(355) : 0.048948053097242776132, 6368.0000000000000000, 1151.0000000000000000, 0.0000000000, 2.6341159224522205606, 4600
Rectangle(356) : 0.049283184366472082125, 6277.0000000000000000, 1135.0000000000000000, 0.0000000000, 2.6272631557127176006, 4536
Rectangle(357) : 0.049622082431744141644, 6187.0000000000000000, 1118.0000000000000000, 0.0000000000, 2.6203733190811132769, 4468
Rectangle(358) : 0.049964796722851481756, 6097.0000000000000000, 1102.0000000000000000, 0.0000000000, 2.6134464548265638152, 4404
Rectangle(359) : 0.050311433832057085138, 6008.0000000000000000, 1086.0000000000000000, 0.0000000000, 2.6064814811353511894, 4340
Rectangle(360) : 0.050662046595228748119, 5918.0000000000000000, 1070.0000000000000000, 0.0000000000, 2.5994784350259032195, 4276
Rectangle(361) : 0.051016808074618052481, 5829.0000000000000000, 1054.0000000000000000, 0.0000000000, 2.5924349964479044894, 4212
Rectangle(362) : 0.051375777880150374405, 5741.0000000000000000, 1038.0000000000000000, 0.0000000000, 2.5853511579116187673, 4148
Rectangle(363) : 0.051739016193669207146, 5652.0000000000000000, 1022.0000000000000000, 0.0000000000, 2.5782269268855261441, 4084
Rectangle(364) : 0.052106713809890991672, 5564.0000000000000000, 1006.0000000000000000, 0.0000000000, 2.5710597992037798208, 4020
Rectangle(365) : 0.052478938791775208031, 5477.0000000000000000, 990.00000000000000000, 0.0000000000, 2.5638497305283677945, 3956
Rectangle(366) : 0.052855759995085116338, 5389.0000000000000000, 974.00000000000000000, 0.0000000000, 2.5565966917096730252, 3892
Rectangle(367) : 0.053237388625946068838, 5302.0000000000000000, 958.00000000000000000, 0.0000000000, 2.5492979705729372704, 3828
Rectangle(368) : 0.053623902766001319172, 5216.0000000000000000, 942.00000000000000000, 0.0000000000, 2.5419534773207202499, 3764
Rectangle(369) : 0.054015381576837346827, 5129.0000000000000000, 927.00000000000000000, 0.0000000000, 2.5345631373776805182, 3704
Rectangle(370) : 0.054412059903485364086, 5044.0000000000000000, 911.00000000000000000, 0.0000000000, 2.5271240022419603843, 3640
Rectangle(371) : 0.054813948087910812219, 4958.0000000000000000, 896.00000000000000000, 0.0000000000, 2.5196374054631965516, 3580
Rectangle(372) : 0.055221297302405204424, 4873.0000000000000000, 880.00000000000000000, 0.0000000000, 2.5121002413232318353, 3516
Rectangle(373) : 0.055634205211562444694, 4788.0000000000000000, 865.00000000000000000, 0.0000000000, 2.5045123383535409742, 3456
Rectangle(374) : 0.056052858582145891012, 4703.0000000000000000, 850.00000000000000000, 0.0000000000, 2.4968719504276732191, 3396
Rectangle(375) : 0.056477453936266170243, 4619.0000000000000000, 834.00000000000000000, 0.0000000000, 2.4891772465000181197, 3332
Rectangle(376) : 0.056908104996344113113, 4535.0000000000000000, 819.00000000000000000, 0.0000000000, 2.4814279768605572164, 3272
Rectangle(377) : 0.057345024065111600923, 4452.0000000000000000, 804.00000000000000000, 0.0000000000, 2.4736221914299937810, 3212
Rectangle(378) : 0.057788335428864968798, 4368.0000000000000000, 789.00000000000000000, 0.0000000000, 2.4657596010649916433, 3152
Rectangle(379) : 0.058238371967570324028, 4286.0000000000000000, 774.00000000000000000, 0.0000000000, 2.4578363179364563621, 3092
Rectangle(380) : 0.058695169988554098261, 4203.0000000000000000, 759.00000000000000000, 0.0000000000, 2.4498537870062873909, 3032
Rectangle(381) : 0.059159089519128994142, 4121.0000000000000000, 744.00000000000000000, 0.0000000000, 2.4418078746263204402, 2972
Rectangle(382) : 0.059630287741557123344, 4039.0000000000000000, 729.00000000000000000, 0.0000000000, 2.4336981103828966727, 2912
Rectangle(383) : 0.060109044391812854137, 3958.0000000000000000, 715.00000000000000000, 0.0000000000, 2.4255220178422088027, 2856
Rectangle(384) : 0.060595533026942265153, 3877.0000000000000000, 700.00000000000000000, 0.0000000000, 2.4172790571218640040, 2796
Rectangle(385) : 0.061090059479643287594, 3797.0000000000000000, 685.00000000000000000, 0.0000000000, 2.4089665619386842441, 2736
Rectangle(386) : 0.061592816014259743808, 3717.0000000000000000, 671.00000000000000000, 0.0000000000, 2.4005839119275666939, 2680
Rectangle(387) : 0.062104138024463555133, 3637.0000000000000000, 657.00000000000000000, 0.0000000000, 2.3921282285040419984, 2624
Rectangle(388) : 0.062624382244563649166, 3558.0000000000000000, 642.00000000000000000, 0.0000000000, 2.3835964623824106836, 2564
Rectangle(389) : 0.063153779788797041714, 3479.0000000000000000, 628.00000000000000000, 0.0000000000, 2.3749877891796637395, 2508
Rectangle(390) : 0.063692724252487660782, 3400.0000000000000000, 614.00000000000000000, 0.0000000000, 2.3662988983469294844, 2452
Rectangle(391) : 0.064241635693177934160, 3322.0000000000000000, 600.00000000000000000, 0.0000000000, 2.3575262718224419958, 2396
Rectangle(392) : 0.064800794715400222539, 3244.0000000000000000, 586.00000000000000000, 0.0000000000, 2.3486688208474677178, 2340
Rectangle(393) : 0.065370667964736679912, 3167.0000000000000000, 572.00000000000000000, 0.0000000000, 2.3397227016773744181, 2284
Rectangle(394) : 0.065951571880643650047, 3090.0000000000000000, 558.00000000000000000, 0.0000000000, 2.3306866558472420528, 2228
Rectangle(395) : 0.066544027109073178220, 3014.0000000000000000, 544.00000000000000000, 0.0000000000, 2.3215564673092832624, 2172
Rectangle(396) : 0.067148392227623039952, 2938.0000000000000000, 530.00000000000000000, 0.0000000000, 2.3123306764905046656, 2116
Rectangle(397) : 0.067765250864958133440, 2862.0000000000000000, 516.00000000000000000, 0.0000000000, 2.3030046392294150933, 2060
Rectangle(398) : 0.068395231521572184835, 2787.0000000000000000, 503.00000000000000000, 0.0000000000, 2.2935733783578697623, 2008
Rectangle(399) : 0.069038781352342859310, 2713.0000000000000000, 489.00000000000000000, 0.0000000000, 2.2840349563183484483, 1952
Rectangle(400) : 0.069696368877709003228, 2638.0000000000000000, 476.00000000000000000, 0.0000000000, 2.2743873829235537912, 1900
Rectangle(401) : 0.070368994875784649092, 2565.0000000000000000, 463.00000000000000000, 0.0000000000, 2.2646212535178541679, 1848
Rectangle(402) : 0.071056956378130791068, 2491.0000000000000000, 449.00000000000000000, 0.0000000000, 2.2547378211053153684, 1792
Rectangle(403) : 0.071761387458462109964, 2419.0000000000000000, 436.00000000000000000, 0.0000000000, 2.2447266802047950863, 1740
Rectangle(404) : 0.072482646937670375812, 2346.0000000000000000, 423.00000000000000000, 0.0000000000, 2.2345889563956538337, 1688
Rectangle(405) : 0.073222028419509955451, 2274.0000000000000000, 410.00000000000000000, 0.0000000000, 2.2243130713132130126, 1636
Rectangle(406) : 0.073980301537941447541, 2203.0000000000000000, 397.00000000000000000, 0.0000000000, 2.2138954129581383141, 1584
Rectangle(407) : 0.074758284022261982409, 2132.0000000000000000, 385.00000000000000000, 0.0000000000, 2.2033322028505042848, 1536
Rectangle(408) : 0.075557220327538954400, 2062.0000000000000000, 372.00000000000000000, 0.0000000000, 2.1926144898684818932, 1484
Rectangle(409) : 0.076378080894885453863, 1992.0000000000000000, 359.00000000000000000, 0.0000000000, 2.1817377335704384682, 1432
Rectangle(410) : 0.077222326745071416949, 1923.0000000000000000, 347.00000000000000000, 0.0000000000, 2.1706916450195432783, 1384
Rectangle(411) : 0.078091121152257866912, 1854.0000000000000000, 335.00000000000000000, 0.0000000000, 2.1594707216708950796, 1336
Rectangle(412) : 0.078986197053914228875, 1786.0000000000000000, 322.00000000000000000, 0.0000000000, 2.1480630243247052740, 1284
Rectangle(413) : 0.079908964704711936196, 1719.0000000000000000, 310.00000000000000000, 0.0000000000, 2.1364618196617580153, 1236
Rectangle(414) : 0.080860949474730410899, 1652.0000000000000000, 298.00000000000000000, 0.0000000000, 2.1246599244757261975, 1188
Rectangle(415) : 0.081844399792209664045, 1585.0000000000000000, 286.00000000000000000, 0.0000000000, 2.1126424423643318309, 1140
Rectangle(416) : 0.082861839818937949112, 1520.0000000000000000, 274.00000000000000000, 0.0000000000, 2.1003927734985473792, 1092
Rectangle(417) : 0.083914729801502782914, 1454.0000000000000000, 262.00000000000000000, 0.0000000000, 2.0879086557863778899, 1044
Rectangle(418) : 0.085006826538632341298, 1390.0000000000000000, 251.00000000000000000, 0.0000000000, 2.0751622939633580611, 1000
Rectangle(419) : 0.086140036822059217601, 1326.0000000000000000, 239.00000000000000000, 0.0000000000, 2.0621497613985130991, 952
Rectangle(420) : 0.087318128648151610586, 1263.0000000000000000, 228.00000000000000000, 0.0000000000, 2.0488477303137594711, 908
Rectangle(421) : 0.088544453058534634712, 1200.0000000000000000, 217.00000000000000000, 0.0000000000, 2.0352403591094454598, 864
Rectangle(422) : 0.089823820024459172596, 1138.0000000000000000, 206.00000000000000000, 0.0000000000, 2.0212986783113299641, 820
Rectangle(423) : 0.091160637843713416852, 1077.0000000000000000, 195.00000000000000000, 0.0000000000, 2.0070018288132258590, 776
Rectangle(424) : 0.092559896737690413936, 1017.0000000000000000, 184.00000000000000000, 0.0000000000, 1.9923265163592476984, 732
Rectangle(425) : 0.094027277776391739106, 957.00000000000000000, 173.00000000000000000, 0.0000000000, 1.9772465856823938957, 688
Rectangle(426) : 0.095570900122977312665, 899.00000000000000000, 162.00000000000000000, 0.0000000000, 1.9617164581324966459, 644
Rectangle(427) : 0.097196836116450612605, 841.00000000000000000, 152.00000000000000000, 0.0000000000, 1.9457175759709586788, 604
Rectangle(428) : 0.098915881985619410083, 784.00000000000000000, 142.00000000000000000, 0.0000000000, 1.9291919351169315795, 564
Rectangle(429) : 0.10073883088245223097, 728.00000000000000000, 132.00000000000000000, 0.0000000000, 1.9120914832261840130, 524
Rectangle(430) : 0.10267851698578490132, 673.00000000000000000, 122.00000000000000000, 0.0000000000, 1.8943599727967491054, 484
Rectangle(431) : 0.10475037430049032347, 618.00000000000000000, 112.00000000000000000, 0.0000000000, 1.8759308588682628870, 444
Rectangle(432) : 0.10697679963846485889, 565.00000000000000000, 103.00000000000000000, 0.0000000000, 1.8566938401504711632, 408
Rectangle(433) : 0.10937802767412940962, 513.00000000000000000, 93.000000000000000000, 0.0000000000, 1.8365798306164876478, 368
Rectangle(434) : 0.11198344644726096449, 463.00000000000000000, 84.000000000000000000, 0.0000000000, 1.8154687511508658189, 332
Rectangle(435) : 0.11482463165493022111, 413.00000000000000000, 75.000000000000000000, 0.0000000000, 1.7932567357863281931, 296
Rectangle(436) : 0.11795600389654360657, 365.00000000000000000, 67.000000000000000000, 0.0000000000, 1.7697083416993792675, 264
Rectangle(437) : 0.12143465688750081004, 319.00000000000000000, 59.000000000000000000, 0.0000000000, 1.7446359799255920748, 232
Rectangle(438) : 0.12533633707535533065, 274.00000000000000000, 51.000000000000000000, 0.0000000000, 1.7178004665317168005, 200
Rectangle(439) : 0.12978086432547108540, 231.00000000000000000, 43.000000000000000000, 0.0000000000, 1.6887851216928317792, 168
Rectangle(440) : 0.13492712026353529224, 190.00000000000000000, 36.000000000000000000, 0.0000000000, 1.6571128551567046166, 140
Rectangle(441) : 0.14101718792225479022, 152.00000000000000000, 29.000000000000000000, 0.0000000000, 1.6220897414477801081, 112
Rectangle(442) : 0.14839935727388492251, 116.00000000000000000, 23.000000000000000000, 0.0000000000, 1.5828831147451932669, 88
Rectangle(443) : 0.15773455653892969205, 84.000000000000000000, 17.000000000000000000, 0.0000000000, 1.5378506222478448721, 64
Rectangle(444) : 0.17008992108949927386, 56.000000000000000000, 12.000000000000000000, 0.0000000000, 1.4850313937782222190, 44

Overall winding number: 0.000000 

cpu/wall(s): 672.509 190.56
