
Filling stored sums matrix with 62 X 62 terms guaranteeing 20 digits accuracy...

Processing the barrier for X= 6000000185827.00000000000000000...6000000185828.00000000000000000 (N = 690988), y0 = 0.1650000000...1 , t = 0...0.1809000000

Rectangle(1) : 0, 58502.000000000000000, 10721.000000000000000, 0.0000000000, 4.2783620904181587383, 42880
Rectangle(2) : 6.4585178120716535132e-5, 58338.000000000000000, 10691.000000000000000, 0.0000000000, 4.2749389108691650307, 42760
Rectangle(3) : 0.00012929323994781319650, 58173.000000000000000, 10661.000000000000000, 0.0000000000, 4.2715140655176182332, 42640
Rectangle(4) : 0.00019412596415866046642, 58009.000000000000000, 10631.000000000000000, 0.0000000000, 4.2680874796049604888, 42520
Rectangle(5) : 0.00025908291014298980305, 57846.000000000000000, 10600.000000000000000, 0.0000000000, 4.2646591959248162459, 42396
Rectangle(6) : 0.00032416362784040736427, 57682.000000000000000, 10570.000000000000000, 0.0000000000, 4.2612292576093905939, 42276
Rectangle(7) : 0.00038936991849623397558, 57518.000000000000000, 10540.000000000000000, 0.0000000000, 4.2577975892316400219, 42156
Rectangle(8) : 0.00045470246811951086320, 57355.000000000000000, 10510.000000000000000, 0.0000000000, 4.2543641744444233975, 42036
Rectangle(9) : 0.00052016082701488918065, 57192.000000000000000, 10480.000000000000000, 0.0000000000, 4.2509290566357258846, 41916
Rectangle(10) : 0.00058574568253027115513, 57029.000000000000000, 10450.000000000000000, 0.0000000000, 4.2474922194892569648, 41796
Rectangle(11) : 0.00065145772762117678148, 56866.000000000000000, 10420.000000000000000, 0.0000000000, 4.2440536465739313827, 41676
Rectangle(12) : 0.00071729766091301955893, 56703.000000000000000, 10391.000000000000000, 0.0000000000, 4.2406133213426240877, 41560
Rectangle(13) : 0.00078326618676425536811, 56540.000000000000000, 10361.000000000000000, 0.0000000000, 4.2371712271309083321, 41440
Rectangle(14) : 0.00084936401533041929333, 56378.000000000000000, 10331.000000000000000, 0.0000000000, 4.2337273471557766499, 41320
Rectangle(15) : 0.00091559068791823327485, 56216.000000000000000, 10301.000000000000000, 0.0000000000, 4.2302817255877657910, 41200
Rectangle(16) : 0.00098194691613773956827, 56053.000000000000000, 10271.000000000000000, 0.0000000000, 4.2268343456747366434, 41080
Rectangle(17) : 0.0010484346036062914146, 55891.000000000000000, 10241.000000000000000, 0.0000000000, 4.2233851290559442844, 40960
Rectangle(18) : 0.0011150532922870440275, 55730.000000000000000, 10212.000000000000000, 0.0000000000, 4.2199341201644535141, 40844
Rectangle(19) : 0.0011818025138941578533, 55568.000000000000000, 10182.000000000000000, 0.0000000000, 4.2164813637965249206, 40724
Rectangle(20) : 0.0012486841969454918031, 55406.000000000000000, 10152.000000000000000, 0.0000000000, 4.2130267808684586515, 40604
Rectangle(21) : 0.0013156990830745835738, 55245.000000000000000, 10123.000000000000000, 0.0000000000, 4.2095703540182769696, 40488
Rectangle(22) : 0.0013828467046515276768, 55084.000000000000000, 10093.000000000000000, 0.0000000000, 4.2061121283114096655, 40368
Rectangle(23) : 0.0014501278049403848707, 54923.000000000000000, 10063.000000000000000, 0.0000000000, 4.2026520864163424574, 40248
Rectangle(24) : 0.0015175431334260164359, 54762.000000000000000, 10034.000000000000000, 0.0000000000, 4.1991902108760919164, 40132
Rectangle(25) : 0.0015850934458849494901, 54601.000000000000000, 10004.000000000000000, 0.0000000000, 4.1957264841068107718, 40012
Rectangle(26) : 0.0016527795044572615498, 54440.000000000000000, 9975.0000000000000000, 0.0000000000, 4.1922608883963738609, 39896
Rectangle(27) : 0.0017206020777195020690, 54280.000000000000000, 9945.0000000000000000, 0.0000000000, 4.1887934059029443937, 39776
Rectangle(28) : 0.0017885606887346631669, 54119.000000000000000, 9916.0000000000000000, 0.0000000000, 4.1853240825229133334, 39660
Rectangle(29) : 0.0018566573661034784320, 53959.000000000000000, 9886.0000000000000000, 0.0000000000, 4.1818528363523133856, 39540
Rectangle(30) : 0.0019248916335352750440, 53799.000000000000000, 9857.0000000000000000, 0.0000000000, 4.1783797134719400928, 39424
Rectangle(31) : 0.0019932642745410918824, 53639.000000000000000, 9828.0000000000000000, 0.0000000000, 4.1749046958066413290, 39308
Rectangle(32) : 0.0020617760793064052054, 53480.000000000000000, 9798.0000000000000000, 0.0000000000, 4.1714277651477122776, 39188
Rectangle(33) : 0.0021304265610780527797, 53320.000000000000000, 9769.0000000000000000, 0.0000000000, 4.1679489681528213219, 39072
Rectangle(34) : 0.0021992178020411589561, 53161.000000000000000, 9740.0000000000000000, 0.0000000000, 4.1644682214133155624, 38956
Rectangle(35) : 0.0022681493161476151093, 53001.000000000000000, 9711.0000000000000000, 0.0000000000, 4.1609855717754818543, 38840
Rectangle(36) : 0.0023372232123340169103, 52842.000000000000000, 9681.0000000000000000, 0.0000000000, 4.1575009350933923602, 38720
Rectangle(37) : 0.0024064390053602723957, 52683.000000000000000, 9652.0000000000000000, 0.0000000000, 4.1540143584026831097, 38604
Rectangle(38) : 0.0024757975149060971041, 52525.000000000000000, 9623.0000000000000000, 0.0000000000, 4.1505258229759675904, 38488
Rectangle(39) : 0.0025452982445201088621, 52366.000000000000000, 9594.0000000000000000, 0.0000000000, 4.1470353763495647867, 38372
Rectangle(40) : 0.0026149433458520716774, 52208.000000000000000, 9565.0000000000000000, 0.0000000000, 4.1435429331848674147, 38256
Rectangle(41) : 0.0026847323232728667168, 52049.000000000000000, 9536.0000000000000000, 0.0000000000, 4.1400485412115334457, 38140
Rectangle(42) : 0.0027546673564379906086, 51891.000000000000000, 9507.0000000000000000, 0.0000000000, 4.1365521143258489815, 38024
Rectangle(43) : 0.0028247479506513580323, 51733.000000000000000, 9478.0000000000000000, 0.0000000000, 4.1330537004515341994, 37908
Rectangle(44) : 0.0028949749566330628280, 51575.000000000000000, 9449.0000000000000000, 0.0000000000, 4.1295532803190683134, 37792
Rectangle(45) : 0.0029653492325481198966, 51417.000000000000000, 9420.0000000000000000, 0.0000000000, 4.1260508345122203528, 37676
Rectangle(46) : 0.0030358716440951222568, 51260.000000000000000, 9391.0000000000000000, 0.0000000000, 4.1225463434663471338, 37560
Rectangle(47) : 0.0031065416859106967229, 51103.000000000000000, 9362.0000000000000000, 0.0000000000, 4.1190398558218495225, 37444
Rectangle(48) : 0.0031773602260320565163, 50945.000000000000000, 9333.0000000000000000, 0.0000000000, 4.1155313520429877191, 37328
Rectangle(49) : 0.0032483295331680460682, 50788.000000000000000, 9304.0000000000000000, 0.0000000000, 4.1120207435887006311, 37212
Rectangle(50) : 0.0033194491036096602414, 50631.000000000000000, 9275.0000000000000000, 0.0000000000, 4.1085080793972522432, 37096
Rectangle(51) : 0.0033907198286476261565, 50475.000000000000000, 9246.0000000000000000, 0.0000000000, 4.1049933394778447920, 36980
Rectangle(52) : 0.0034621411924807682029, 50318.000000000000000, 9218.0000000000000000, 0.0000000000, 4.1014765733061146573, 36868
Rectangle(53) : 0.0035337155112793316326, 50162.000000000000000, 9189.0000000000000000, 0.0000000000, 4.0979576910425257765, 36752
Rectangle(54) : 0.0036054422704006291442, 50005.000000000000000, 9160.0000000000000000, 0.0000000000, 4.0944367423662652137, 36636
Rectangle(55) : 0.0036773238170932851828, 49849.000000000000000, 9132.0000000000000000, 0.0000000000, 4.0909136366046821730, 36524
Rectangle(56) : 0.0037493596380045307880, 49693.000000000000000, 9103.0000000000000000, 0.0000000000, 4.0873884236411922059, 36408
Rectangle(57) : 0.0038215506593484060261, 49537.000000000000000, 9074.0000000000000000, 0.0000000000, 4.0838610828834533304, 36292
Rectangle(58) : 0.0038938978156736468225, 49382.000000000000000, 9046.0000000000000000, 0.0000000000, 4.0803315935774165246, 36180
Rectangle(59) : 0.0039664005817336973779, 49226.000000000000000, 9017.0000000000000000, 0.0000000000, 4.0768000062669136329, 36064
Rectangle(60) : 0.0040390613708749421191, 49071.000000000000000, 8989.0000000000000000, 0.0000000000, 4.0732662284961508405, 35952
Rectangle(61) : 0.0041118796592427387982, 48916.000000000000000, 8960.0000000000000000, 0.0000000000, 4.0697303110179772182, 35836
Rectangle(62) : 0.0041848564012293684740, 48761.000000000000000, 8932.0000000000000000, 0.0000000000, 4.0661922327767555477, 35724
Rectangle(63) : 0.0042579925598966795535, 48606.000000000000000, 8903.0000000000000000, 0.0000000000, 4.0626519725498852239, 35608
Rectangle(64) : 0.0043312891070832385220, 48451.000000000000000, 8875.0000000000000000, 0.0000000000, 4.0591095089457938460, 35496
Rectangle(65) : 0.0044047470235131531542, 48296.000000000000000, 8846.0000000000000000, 0.0000000000, 4.0555648204018985519, 35380
Rectangle(66) : 0.0044783672989065997865, 48142.000000000000000, 8818.0000000000000000, 0.0000000000, 4.0520178851825365406, 35268
Rectangle(67) : 0.0045521493994670778834, 47988.000000000000000, 8790.0000000000000000, 0.0000000000, 4.0484687550423434810, 35156
Rectangle(68) : 0.0046260943180934499656, 47834.000000000000000, 8761.0000000000000000, 0.0000000000, 4.0449174082710771051, 35040
Rectangle(69) : 0.0047002030568205285520, 47680.000000000000000, 8733.0000000000000000, 0.0000000000, 4.0413638229839150317, 34928
Rectangle(70) : 0.0047744766269334462331, 47526.000000000000000, 8705.0000000000000000, 0.0000000000, 4.0378079771193283674, 34816
Rectangle(71) : 0.0048489160490838339865, 47372.000000000000000, 8677.0000000000000000, 0.0000000000, 4.0342498484369228591, 34704
Rectangle(72) : 0.0049235223534078423217, 47219.000000000000000, 8649.0000000000000000, 0.0000000000, 4.0306894145152469929, 34592
Rectangle(73) : 0.0049982949960837830870, 47066.000000000000000, 8620.0000000000000000, 0.0000000000, 4.0271267281412397684, 34476
Rectangle(74) : 0.0050732350107045547644, 46912.000000000000000, 8592.0000000000000000, 0.0000000000, 4.0235617669177656808, 34364
Rectangle(75) : 0.0051483450415477881733, 46759.000000000000000, 8564.0000000000000000, 0.0000000000, 4.0199944322844046841, 34252
Rectangle(76) : 0.0052236245477879644962, 46607.000000000000000, 8536.0000000000000000, 0.0000000000, 4.0164247773577755351, 34140
Rectangle(77) : 0.0052990729735042254771, 46454.000000000000000, 8508.0000000000000000, 0.0000000000, 4.0128528557636368346, 34028
Rectangle(78) : 0.0053746930031198374122, 46301.000000000000000, 8480.0000000000000000, 0.0000000000, 4.0092785678816371870, 33916
Rectangle(79) : 0.0054504857196460817091, 46149.000000000000000, 8452.0000000000000000, 0.0000000000, 4.0057018903783479133, 33804
Rectangle(80) : 0.0055264505702469256691, 45997.000000000000000, 8424.0000000000000000, 0.0000000000, 4.0021228772184514003, 33692
Rectangle(81) : 0.0056025886417998193665, 45845.000000000000000, 8396.0000000000000000, 0.0000000000, 3.9985415050906244882, 33580
Rectangle(82) : 0.0056789010314844223655, 45693.000000000000000, 8368.0000000000000000, 0.0000000000, 3.9949577504898289339, 33468
Rectangle(83) : 0.0057553888469154474445, 45541.000000000000000, 8340.0000000000000000, 0.0000000000, 3.9913715897148831783, 33356
Rectangle(84) : 0.0058320532062776679311, 45390.000000000000000, 8313.0000000000000000, 0.0000000000, 3.9877829988659959390, 33248
Rectangle(85) : 0.0059088935455344644928, 45238.000000000000000, 8285.0000000000000000, 0.0000000000, 3.9841920328930292308, 33136
Rectangle(86) : 0.0059859126894597712975, 45087.000000000000000, 8257.0000000000000000, 0.0000000000, 3.9805985885501994185, 33024
Rectangle(87) : 0.0060631100764793157210, 44936.000000000000000, 8229.0000000000000000, 0.0000000000, 3.9770027210187229608, 32912
Rectangle(88) : 0.0061404868505806759435, 44785.000000000000000, 8202.0000000000000000, 0.0000000000, 3.9734044060151181820, 32804
Rectangle(89) : 0.0062180441667806339246, 44634.000000000000000, 8174.0000000000000000, 0.0000000000, 3.9698036190502474536, 32692
Rectangle(90) : 0.0062957831912698181217, 44484.000000000000000, 8146.0000000000000000, 0.0000000000, 3.9662003354266967230, 32580
Rectangle(91) : 0.0063737033498757595101, 44333.000000000000000, 8119.0000000000000000, 0.0000000000, 3.9625946112276635168, 32472
Rectangle(92) : 0.0064518075749728128004, 44183.000000000000000, 8091.0000000000000000, 0.0000000000, 3.9589863404544607054, 32360
Rectangle(93) : 0.0065300952951469626024, 44033.000000000000000, 8064.0000000000000000, 0.0000000000, 3.9553755794273793974, 32252
Rectangle(94) : 0.0066085677040091200616, 43883.000000000000000, 8036.0000000000000000, 0.0000000000, 3.9517623030436430908, 32140
Rectangle(95) : 0.0066872260068380889810, 43733.000000000000000, 8008.0000000000000000, 0.0000000000, 3.9481464859846632066, 32028
Rectangle(96) : 0.0067660714207357100728, 43583.000000000000000, 7981.0000000000000000, 0.0000000000, 3.9445281027132519348, 31920
Rectangle(97) : 0.0068451051747846110648, 43434.000000000000000, 7954.0000000000000000, 0.0000000000, 3.9409071274707898909, 31812
Rectangle(98) : 0.0069243266862150754450, 43285.000000000000000, 7926.0000000000000000, 0.0000000000, 3.9372836176320838861, 31700
Rectangle(99) : 0.0070037371891059633712, 43135.000000000000000, 7899.0000000000000000, 0.0000000000, 3.9336575474550214157, 31592
Rectangle(100) : 0.0070833397751139620130, 42986.000000000000000, 7871.0000000000000000, 0.0000000000, 3.9300288069211909410, 31480
Rectangle(101) : 0.0071631338663744000845, 42838.000000000000000, 7844.0000000000000000, 0.0000000000, 3.9263974537690936339, 31372
Rectangle(102) : 0.0072431188669292601068, 42689.000000000000000, 7817.0000000000000000, 0.0000000000, 3.9227635463341846499, 31264
Rectangle(103) : 0.0073232979188239914111, 42540.000000000000000, 7790.0000000000000000, 0.0000000000, 3.9191269733251732903, 31156
Rectangle(104) : 0.0074036723187611134913, 42392.000000000000000, 7762.0000000000000000, 0.0000000000, 3.9154877078515276903, 31044
Rectangle(105) : 0.0074842414758627252975, 42244.000000000000000, 7735.0000000000000000, 0.0000000000, 3.9118458086230311105, 30936
Rectangle(106) : 0.0075650066924289366201, 42096.000000000000000, 7708.0000000000000000, 0.0000000000, 3.9082012487618430933, 30828
Rectangle(107) : 0.0076459692838571445993, 41948.000000000000000, 7681.0000000000000000, 0.0000000000, 3.9045540011518156983, 30720
Rectangle(108) : 0.0077271305788211909352, 41800.000000000000000, 7654.0000000000000000, 0.0000000000, 3.9009040384353294577, 30612
Rectangle(109) : 0.0078084919194536150849, 41653.000000000000000, 7627.0000000000000000, 0.0000000000, 3.8972513330100765478, 30504
Rectangle(110) : 0.0078900527033829857556, 41505.000000000000000, 7600.0000000000000000, 0.0000000000, 3.8935959447107338776, 30396
Rectangle(111) : 0.0079718162486115301208, 41358.000000000000000, 7573.0000000000000000, 0.0000000000, 3.8899377578856138368, 30288
Rectangle(112) : 0.0080537819567667990854, 41211.000000000000000, 7546.0000000000000000, 0.0000000000, 3.8862768326244018333, 30180
Rectangle(113) : 0.0081359512036335191804, 41064.000000000000000, 7519.0000000000000000, 0.0000000000, 3.8826131408357761516, 30072
Rectangle(114) : 0.0082183253790873418998, 40917.000000000000000, 7492.0000000000000000, 0.0000000000, 3.8789466541742567331, 29964
Rectangle(115) : 0.0083009058872911265549, 40771.000000000000000, 7465.0000000000000000, 0.0000000000, 3.8752773440367706190, 29856
Rectangle(116) : 0.0083836921163273721859, 40624.000000000000000, 7438.0000000000000000, 0.0000000000, 3.8716052715489502211, 29748
Rectangle(117) : 0.0084666875198215862027, 40478.000000000000000, 7411.0000000000000000, 0.0000000000, 3.8679303177340084411, 29640
Rectangle(118) : 0.0085498914903175101229, 40332.000000000000000, 7384.0000000000000000, 0.0000000000, 3.8642525439786627581, 29532
Rectangle(119) : 0.0086333054679030169849, 40186.000000000000000, 7357.0000000000000000, 0.0000000000, 3.8605719211609266589, 29424
Rectangle(120) : 0.0087169309076372758477, 40041.000000000000000, 7331.0000000000000000, 0.0000000000, 3.8568884198910389883, 29320
Rectangle(121) : 0.0088007671859492820161, 39895.000000000000000, 7304.0000000000000000, 0.0000000000, 3.8532021024928706549, 29212
Rectangle(122) : 0.0088848178715613354226, 39750.000000000000000, 7277.0000000000000000, 0.0000000000, 3.8495128471921795600, 29104
Rectangle(123) : 0.0089690823457045349084, 39604.000000000000000, 7251.0000000000000000, 0.0000000000, 3.8458207165801355215, 29000
Rectangle(124) : 0.0090535642343162947186, 39459.000000000000000, 7224.0000000000000000, 0.0000000000, 3.8421255875079110574, 28892
Rectangle(125) : 0.0091382629237789752492, 39314.000000000000000, 7197.0000000000000000, 0.0000000000, 3.8384275228337649715, 28784
Rectangle(126) : 0.0092231799386549422068, 39169.000000000000000, 7171.0000000000000000, 0.0000000000, 3.8347264920628212294, 28680
Rectangle(127) : 0.0093083168196593799313, 39025.000000000000000, 7144.0000000000000000, 0.0000000000, 3.8310224644138655429, 28572
Rectangle(128) : 0.0093936729366206577158, 38880.000000000000000, 7118.0000000000000000, 0.0000000000, 3.8273155037225478745, 28468
Rectangle(129) : 0.0094792520390826574040, 38736.000000000000000, 7091.0000000000000000, 0.0000000000, 3.8236054838730027165, 28360
Rectangle(130) : 0.0095650535024209732527, 38592.000000000000000, 7065.0000000000000000, 0.0000000000, 3.8198924689742536111, 28256
Rectangle(131) : 0.0096510789084370971543, 38448.000000000000000, 7038.0000000000000000, 0.0000000000, 3.8161764276587885467, 28148
Rectangle(132) : 0.0097373298558897289829, 38304.000000000000000, 7012.0000000000000000, 0.0000000000, 3.8124573282609389281, 28044
Rectangle(133) : 0.0098238079607419882490, 38161.000000000000000, 6986.0000000000000000, 0.0000000000, 3.8087351388126670425, 27940
Rectangle(134) : 0.0099105125842794392341, 38017.000000000000000, 6959.0000000000000000, 0.0000000000, 3.8050099245720948634, 27832
Rectangle(135) : 0.0099974476376653480345, 37874.000000000000000, 6933.0000000000000000, 0.0000000000, 3.8012815555865754645, 27728
Rectangle(136) : 0.010084612488369962690, 37731.000000000000000, 6907.0000000000000000, 0.0000000000, 3.7975500973937650734, 27624
Rectangle(137) : 0.010172008796376476301, 37588.000000000000000, 6880.0000000000000000, 0.0000000000, 3.7938155174013114924, 27516
Rectangle(138) : 0.010259638239746735732, 37445.000000000000000, 6854.0000000000000000, 0.0000000000, 3.7900777827017330822, 27412
Rectangle(139) : 0.010347502514888990588, 37303.000000000000000, 6828.0000000000000000, 0.0000000000, 3.7863368600678972086, 27308
Rectangle(140) : 0.010435600975068276362, 37160.000000000000000, 6802.0000000000000000, 0.0000000000, 3.7825928162277487674, 27204
Rectangle(141) : 0.010523937703169130742, 37018.000000000000000, 6776.0000000000000000, 0.0000000000, 3.7788455171967341303, 27100
Rectangle(142) : 0.010612512059352520826, 36876.000000000000000, 6750.0000000000000000, 0.0000000000, 3.7750950299884602535, 26996
Rectangle(143) : 0.010701325787251112329, 36734.000000000000000, 6724.0000000000000000, 0.0000000000, 3.7713413207101690739, 26892
Rectangle(144) : 0.010790380649795626106, 36592.000000000000000, 6698.0000000000000000, 0.0000000000, 3.7675843551356532630, 26788
Rectangle(145) : 0.010879678429505279944, 36450.000000000000000, 6672.0000000000000000, 0.0000000000, 3.7638240987003959142, 26684
Rectangle(146) : 0.010969220928783754455, 36309.000000000000000, 6646.0000000000000000, 0.0000000000, 3.7600605164966209771, 26580
Rectangle(147) : 0.011059007497306617133, 36168.000000000000000, 6620.0000000000000000, 0.0000000000, 3.7562936769186746595, 26476
Rectangle(148) : 0.011149039948006646846, 36027.000000000000000, 6594.0000000000000000, 0.0000000000, 3.7525235450395700534, 26372
Rectangle(149) : 0.011239320114133151136, 35886.000000000000000, 6568.0000000000000000, 0.0000000000, 3.7487500855842034207, 26268
Rectangle(150) : 0.011329849849561568999, 35745.000000000000000, 6542.0000000000000000, 0.0000000000, 3.7449732629242173348, 26164
Rectangle(151) : 0.011420631029109036262, 35604.000000000000000, 6516.0000000000000000, 0.0000000000, 3.7411930410727683067, 26060
Rectangle(152) : 0.011511665548856052561, 35464.000000000000000, 6491.0000000000000000, 0.0000000000, 3.7374093836791967302, 25960
Rectangle(153) : 0.011602952752320952085, 35324.000000000000000, 6465.0000000000000000, 0.0000000000, 3.7336223607109937266, 25856
Rectangle(154) : 0.011694494547154804246, 35183.000000000000000, 6439.0000000000000000, 0.0000000000, 3.7298319357908694877, 25752
Rectangle(155) : 0.011786295471913661350, 35044.000000000000000, 6414.0000000000000000, 0.0000000000, 3.7260379644421441076, 25652
Rectangle(156) : 0.011878352256654048980, 34904.000000000000000, 6388.0000000000000000, 0.0000000000, 3.7222406253351134283, 25548
Rectangle(157) : 0.011970669487496792317, 34764.000000000000000, 6362.0000000000000000, 0.0000000000, 3.7184397729068053141, 25444
Rectangle(158) : 0.012063249161093237068, 34625.000000000000000, 6337.0000000000000000, 0.0000000000, 3.7146353692696458594, 25344
Rectangle(159) : 0.012156090615801385684, 34485.000000000000000, 6311.0000000000000000, 0.0000000000, 3.7108274860171752711, 25240
Rectangle(160) : 0.012249198560879453693, 34346.000000000000000, 6286.0000000000000000, 0.0000000000, 3.7070159748091578965, 25140
Rectangle(161) : 0.012342572344575056031, 34207.000000000000000, 6260.0000000000000000, 0.0000000000, 3.7032009075416240240, 25036
Rectangle(162) : 0.012436214023399320773, 34069.000000000000000, 6235.0000000000000000, 0.0000000000, 3.6993822454986095349, 24936
Rectangle(163) : 0.012530122921385719244, 33930.000000000000000, 6209.0000000000000000, 0.0000000000, 3.6955600616446133554, 24832
Rectangle(164) : 0.012624303884004187071, 33792.000000000000000, 6184.0000000000000000, 0.0000000000, 3.6917342045810751544, 24732
Rectangle(165) : 0.012718756245645435744, 33653.000000000000000, 6159.0000000000000000, 0.0000000000, 3.6879047475823857922, 24632
Rectangle(166) : 0.012813484939895053483, 33515.000000000000000, 6133.0000000000000000, 0.0000000000, 3.6840715372870446752, 24528
Rectangle(167) : 0.012908489312184686325, 33378.000000000000000, 6108.0000000000000000, 0.0000000000, 3.6802346472772038117, 24428
Rectangle(168) : 0.013003768677253809814, 33240.000000000000000, 6083.0000000000000000, 0.0000000000, 3.6763941520894498830, 24328
Rectangle(169) : 0.013099328068110893143, 33102.000000000000000, 6057.0000000000000000, 0.0000000000, 3.6725498961530699181, 24224
Rectangle(170) : 0.013195169705962173124, 32965.000000000000000, 6032.0000000000000000, 0.0000000000, 3.6687018381901388701, 24124
Rectangle(171) : 0.013291292922652303228, 32828.000000000000000, 6007.0000000000000000, 0.0000000000, 3.6648500532126306751, 24024
Rectangle(172) : 0.013387699954856903894, 32691.000000000000000, 5982.0000000000000000, 0.0000000000, 3.6609944998869630347, 23924
Rectangle(173) : 0.013484393066107308074, 32554.000000000000000, 5957.0000000000000000, 0.0000000000, 3.6571351364358262188, 23824
Rectangle(174) : 0.013581374547229008209, 32417.000000000000000, 5932.0000000000000000, 0.0000000000, 3.6532719206311779990, 23724
Rectangle(175) : 0.013678646716789151899, 32281.000000000000000, 5907.0000000000000000, 0.0000000000, 3.6494048097870989926, 23624
Rectangle(176) : 0.013776208899180871456, 32144.000000000000000, 5882.0000000000000000, 0.0000000000, 3.6455338805503409182, 23524
Rectangle(177) : 0.013874066473862004511, 32008.000000000000000, 5857.0000000000000000, 0.0000000000, 3.6416589697469165103, 23424
Rectangle(178) : 0.013972218778590413549, 31872.000000000000000, 5832.0000000000000000, 0.0000000000, 3.6377801543422443341, 23324
Rectangle(179) : 0.014070668206123741999, 31736.000000000000000, 5807.0000000000000000, 0.0000000000, 3.6338973906439577981, 23224
Rectangle(180) : 0.014169417178604330535, 31600.000000000000000, 5782.0000000000000000, 0.0000000000, 3.6300106344789604024, 23124
Rectangle(181) : 0.014268468148049867257, 31465.000000000000000, 5757.0000000000000000, 0.0000000000, 3.6261198411856678179, 23024
Rectangle(182) : 0.014367820439204663628, 31330.000000000000000, 5732.0000000000000000, 0.0000000000, 3.6222250892653113335, 22924
Rectangle(183) : 0.014467476522487948382, 31195.000000000000000, 5707.0000000000000000, 0.0000000000, 3.6183263339788928457, 22824
Rectangle(184) : 0.014567438898957859997, 31060.000000000000000, 5683.0000000000000000, 0.0000000000, 3.6144235300903405258, 22728
Rectangle(185) : 0.014667710100828122087, 30925.000000000000000, 5658.0000000000000000, 0.0000000000, 3.6105166318584076155, 22628
Rectangle(186) : 0.014768292691995734298, 30790.000000000000000, 5633.0000000000000000, 0.0000000000, 3.6066055930284044560, 22528
Rectangle(187) : 0.014869189268579963088, 30656.000000000000000, 5609.0000000000000000, 0.0000000000, 3.6026903668237595669, 22432
Rectangle(188) : 0.014970399157894412448, 30521.000000000000000, 5584.0000000000000000, 0.0000000000, 3.5987710336590887615, 22332
Rectangle(189) : 0.015071928302865386163, 30387.000000000000000, 5559.0000000000000000, 0.0000000000, 3.5948474182467023928, 22232
Rectangle(190) : 0.015173776047566959283, 30253.000000000000000, 5535.0000000000000000, 0.0000000000, 3.5909196013273146764, 22136
Rectangle(191) : 0.015275945075475838227, 30120.000000000000000, 5510.0000000000000000, 0.0000000000, 3.5869875349548806408, 22036
Rectangle(192) : 0.015378434701470356176, 29986.000000000000000, 5486.0000000000000000, 0.0000000000, 3.5830513011877872200, 21940
Rectangle(193) : 0.015481251059143529898, 29853.000000000000000, 5461.0000000000000000, 0.0000000000, 3.5791107207080155136, 21840
Rectangle(194) : 0.015584393481034395657, 29719.000000000000000, 5437.0000000000000000, 0.0000000000, 3.5751658759075775569, 21744
Rectangle(195) : 0.015687868223653850469, 29586.000000000000000, 5412.0000000000000000, 0.0000000000, 3.5712165848822128045, 21644
Rectangle(196) : 0.015791674638339249401, 29454.000000000000000, 5388.0000000000000000, 0.0000000000, 3.5672629303524506383, 21548
Rectangle(197) : 0.015895812036667233737, 29321.000000000000000, 5364.0000000000000000, 0.0000000000, 3.5633049962454278670, 21452
Rectangle(198) : 0.016000286815707697155, 29188.000000000000000, 5339.0000000000000000, 0.0000000000, 3.5593425977238327855, 21352
Rectangle(199) : 0.016105101897170073227, 29056.000000000000000, 5315.0000000000000000, 0.0000000000, 3.5553756832927371298, 21256
Rectangle(200) : 0.016210256621953000579, 28924.000000000000000, 5291.0000000000000000, 0.0000000000, 3.5514043373871532480, 21160
Rectangle(201) : 0.016315753936895164638, 28792.000000000000000, 5267.0000000000000000, 0.0000000000, 3.5474285083806874796, 21064
Rectangle(202) : 0.016421596827572459979, 28660.000000000000000, 5243.0000000000000000, 0.0000000000, 3.5434481440364847498, 20968
Rectangle(203) : 0.016527788318990341513, 28528.000000000000000, 5218.0000000000000000, 0.0000000000, 3.5394631914966948086, 20868
Rectangle(204) : 0.016634331476291824085, 28397.000000000000000, 5194.0000000000000000, 0.0000000000, 3.5354735972717085853, 20772
Rectangle(205) : 0.016741225641072318806, 28266.000000000000000, 5170.0000000000000000, 0.0000000000, 3.5314794477368282547, 20676
Rectangle(206) : 0.016848473905691891021, 28135.000000000000000, 5146.0000000000000000, 0.0000000000, 3.5274806892551238440, 20580
Rectangle(207) : 0.016956079403799412750, 28004.000000000000000, 5122.0000000000000000, 0.0000000000, 3.5234772675450241664, 20484
Rectangle(208) : 0.017064045311082123226, 27873.000000000000000, 5098.0000000000000000, 0.0000000000, 3.5194691276690205738, 20388
Rectangle(209) : 0.017172374846032398424, 27742.000000000000000, 5074.0000000000000000, 0.0000000000, 3.5154562140221202964, 20292
Rectangle(210) : 0.017281071270732208109, 27612.000000000000000, 5050.0000000000000000, 0.0000000000, 3.5114384703200425994, 20196
Rectangle(211) : 0.017390133941683969756, 27482.000000000000000, 5026.0000000000000000, 0.0000000000, 3.5074159851120373570, 20100
Rectangle(212) : 0.017499566151316166734, 27352.000000000000000, 5003.0000000000000000, 0.0000000000, 3.5033887019405566047, 20008
Rectangle(213) : 0.017609371236938445054, 27222.000000000000000, 4979.0000000000000000, 0.0000000000, 3.4993565636543265352, 19912
Rectangle(214) : 0.017719552581573458152, 27092.000000000000000, 4955.0000000000000000, 0.0000000000, 3.4953195123959408492, 19816
Rectangle(215) : 0.017830113614808211616, 26963.000000000000000, 4931.0000000000000000, 0.0000000000, 3.4912774895891732887, 19720
Rectangle(216) : 0.017941053698982419726, 26833.000000000000000, 4908.0000000000000000, 0.0000000000, 3.4872305858561162411, 19628
Rectangle(217) : 0.018052380445371422680, 26704.000000000000000, 4884.0000000000000000, 0.0000000000, 3.4831785915925372023, 19532
Rectangle(218) : 0.018164093244637170777, 26575.000000000000000, 4860.0000000000000000, 0.0000000000, 3.4791215977542848158, 19436
Rectangle(219) : 0.018276195656594058259, 26447.000000000000000, 4837.0000000000000000, 0.0000000000, 3.4750595440822095037, 19344
Rectangle(220) : 0.018388687037245255351, 26318.000000000000000, 4813.0000000000000000, 0.0000000000, 3.4709925231688024530, 19248
Rectangle(221) : 0.018501575270514075263, 26190.000000000000000, 4790.0000000000000000, 0.0000000000, 3.4669203199976082084, 19156
Rectangle(222) : 0.018614859742449837318, 26061.000000000000000, 4766.0000000000000000, 0.0000000000, 3.4628430275008269421, 19060
Rectangle(223) : 0.018728548512163233847, 25933.000000000000000, 4743.0000000000000000, 0.0000000000, 3.4587604271900031770, 18968
Rectangle(224) : 0.018842640997690939981, 25805.000000000000000, 4719.0000000000000000, 0.0000000000, 3.4546726123262598412, 18872
Rectangle(225) : 0.018957141002043827400, 25678.000000000000000, 4696.0000000000000000, 0.0000000000, 3.4505795192847854151, 18780
Rectangle(226) : 0.019072047907538211130, 25550.000000000000000, 4672.0000000000000000, 0.0000000000, 3.4464812430441333288, 18684
Rectangle(227) : 0.019187370069692580340, 25423.000000000000000, 4649.0000000000000000, 0.0000000000, 3.4423775593138962134, 18592
Rectangle(228) : 0.019303106904814867097, 25296.000000000000000, 4626.0000000000000000, 0.0000000000, 3.4382685634065836344, 18500
Rectangle(229) : 0.019419262366682616292, 25169.000000000000000, 4602.0000000000000000, 0.0000000000, 3.4341541897783075324, 18404
Rectangle(230) : 0.019535840466320198537, 25042.000000000000000, 4579.0000000000000000, 0.0000000000, 3.4300343720266997861, 18312
Rectangle(231) : 0.019652845273125833062, 24916.000000000000000, 4556.0000000000000000, 0.0000000000, 3.4259090428746190812, 18220
Rectangle(232) : 0.019770276202764403422, 24789.000000000000000, 4533.0000000000000000, 0.0000000000, 3.4217782997540455780, 18128
Rectangle(233) : 0.019888142123122386623, 24663.000000000000000, 4510.0000000000000000, 0.0000000000, 3.4176419084423390176, 18036
Rectangle(234) : 0.020006442488383804092, 24537.000000000000000, 4487.0000000000000000, 0.0000000000, 3.4134999666965384101, 17944
Rectangle(235) : 0.020125181534179807613, 24411.000000000000000, 4463.0000000000000000, 0.0000000000, 3.4093524051388893996, 17848
Rectangle(236) : 0.020244363558887475853, 24286.000000000000000, 4440.0000000000000000, 0.0000000000, 3.4051991534606073036, 17756
Rectangle(237) : 0.020363987999036557929, 24160.000000000000000, 4417.0000000000000000, 0.0000000000, 3.4010403114529677232, 17664
Rectangle(238) : 0.020484064170868220501, 24035.000000000000000, 4394.0000000000000000, 0.0000000000, 3.3968756363234967244, 17572
Rectangle(239) : 0.020604591553282345598, 23910.000000000000000, 4372.0000000000000000, 0.0000000000, 3.3927052281840712188, 17484
Rectangle(240) : 0.020725574624306355269, 23785.000000000000000, 4349.0000000000000000, 0.0000000000, 3.3885290144732897401, 17392
Rectangle(241) : 0.020847017929518602052, 23660.000000000000000, 4326.0000000000000000, 0.0000000000, 3.3843469216374118437, 17300
Rectangle(242) : 0.020968926083433961809, 23536.000000000000000, 4303.0000000000000000, 0.0000000000, 3.3801588751107465331, 17208
Rectangle(243) : 0.021091298571329557769, 23411.000000000000000, 4280.0000000000000000, 0.0000000000, 3.3759649772793157538, 17116
Rectangle(244) : 0.021214145309071615595, 23287.000000000000000, 4257.0000000000000000, 0.0000000000, 3.3717649740297558452, 17024
Rectangle(245) : 0.021337465830136147559, 23163.000000000000000, 4235.0000000000000000, 0.0000000000, 3.3675589680527201889, 16936
Rectangle(246) : 0.021461264948041976691, 23039.000000000000000, 4212.0000000000000000, 0.0000000000, 3.3633468823057774635, 16844
Rectangle(247) : 0.021585547550685571355, 22916.000000000000000, 4189.0000000000000000, 0.0000000000, 3.3591286386657029167, 16752
Rectangle(248) : 0.021710313157190445806, 22792.000000000000000, 4167.0000000000000000, 0.0000000000, 3.3549043420273446142, 16664
Rectangle(249) : 0.021835572210455948816, 22669.000000000000000, 4144.0000000000000000, 0.0000000000, 3.3506737284724307035, 16572
Rectangle(250) : 0.021961324282822283048, 22546.000000000000000, 4122.0000000000000000, 0.0000000000, 3.3464369031900818391, 16484
Rectangle(251) : 0.022087574478120343983, 22423.000000000000000, 4099.0000000000000000, 0.0000000000, 3.3421937853908366987, 16392
Rectangle(252) : 0.022214327980568314224, 22301.000000000000000, 4077.0000000000000000, 0.0000000000, 3.3379442931290589463, 16304
Rectangle(253) : 0.022341584349929735637, 22178.000000000000000, 4054.0000000000000000, 0.0000000000, 3.3336885338828399435, 16212
Rectangle(254) : 0.022469354596745627059, 22056.000000000000000, 4032.0000000000000000, 0.0000000000, 3.3294262333072345587, 16124
Rectangle(255) : 0.022597638339641312340, 21934.000000000000000, 4009.0000000000000000, 0.0000000000, 3.3251574991610785304, 16032
Rectangle(256) : 0.022726440997576986568, 21812.000000000000000, 3987.0000000000000000, 0.0000000000, 3.3208822466234040770, 15944
Rectangle(257) : 0.022855768076552935774, 21690.000000000000000, 3965.0000000000000000, 0.0000000000, 3.3166003896343462963, 15856
Rectangle(258) : 0.022985625171510720297, 21569.000000000000000, 3942.0000000000000000, 0.0000000000, 3.3123118408690908808, 15764
Rectangle(259) : 0.023116011922907126754, 21447.000000000000000, 3920.0000000000000000, 0.0000000000, 3.3080167106018568712, 15676
Rectangle(260) : 0.023246940104499044359, 21326.000000000000000, 3898.0000000000000000, 0.0000000000, 3.3037147106457732938, 15588
Rectangle(261) : 0.023378409424139191283, 21205.000000000000000, 3876.0000000000000000, 0.0000000000, 3.2994059515241594182, 15500
Rectangle(262) : 0.023510425738759524196, 21085.000000000000000, 3854.0000000000000000, 0.0000000000, 3.2950903427279629599, 15412
Rectangle(263) : 0.023642988714463956871, 20964.000000000000000, 3832.0000000000000000, 0.0000000000, 3.2907679971314061982, 15324
Rectangle(264) : 0.023776110637624203303, 20844.000000000000000, 3810.0000000000000000, 0.0000000000, 3.2864386174067590024, 15236
Rectangle(265) : 0.023909791246787835955, 20723.000000000000000, 3788.0000000000000000, 0.0000000000, 3.2821023166698422747, 15148
Rectangle(266) : 0.024044043156099704038, 20603.000000000000000, 3766.0000000000000000, 0.0000000000, 3.2777587917315392991, 15060
Rectangle(267) : 0.024178866181471326583, 20484.000000000000000, 3744.0000000000000000, 0.0000000000, 3.2734081559159524538, 14972
Rectangle(268) : 0.024314260057468004598, 20364.000000000000000, 3722.0000000000000000, 0.0000000000, 3.2690505249088441843, 14884
Rectangle(269) : 0.024450237788999572275, 20245.000000000000000, 3700.0000000000000000, 0.0000000000, 3.2646855886880941448, 14796
Rectangle(270) : 0.024586799191256331680, 20126.000000000000000, 3678.0000000000000000, 0.0000000000, 3.2603134631538599246, 14708
Rectangle(271) : 0.024723950809220848222, 20007.000000000000000, 3656.0000000000000000, 0.0000000000, 3.2559340493394548969, 14620
Rectangle(272) : 0.024861699299716147612, 19888.000000000000000, 3635.0000000000000000, 0.0000000000, 3.2515472467365048987, 14536
Rectangle(273) : 0.025000051434004990376, 19769.000000000000000, 3613.0000000000000000, 0.0000000000, 3.2471529532604765316, 14448
Rectangle(274) : 0.025139014100465634644, 19651.000000000000000, 3591.0000000000000000, 0.0000000000, 3.2427510652152261206, 14360
Rectangle(275) : 0.025278587204389873926, 19533.000000000000000, 3569.0000000000000000, 0.0000000000, 3.2383417013498437665, 14272
Rectangle(276) : 0.025418777738427136188, 19415.000000000000000, 3548.0000000000000000, 0.0000000000, 3.2339247571725644986, 14188
Rectangle(277) : 0.025559592817344085170, 19297.000000000000000, 3526.0000000000000000, 0.0000000000, 3.2295001265266458485, 14100
Rectangle(278) : 0.025701039680925297061, 19179.000000000000000, 3505.0000000000000000, 0.0000000000, 3.2250677015523275371, 14016
Rectangle(279) : 0.025843125696961186708, 19062.000000000000000, 3483.0000000000000000, 0.0000000000, 3.2206273726476865036, 13928
Rectangle(280) : 0.025985850876514627401, 18945.000000000000000, 3462.0000000000000000, 0.0000000000, 3.2161792614704279680, 13844
Rectangle(281) : 0.026129222703459490319, 18828.000000000000000, 3440.0000000000000000, 0.0000000000, 3.2117232575227200969, 13756
Rectangle(282) : 0.026273248795318568293, 18711.000000000000000, 3419.0000000000000000, 0.0000000000, 3.2072592485046946916, 13672
Rectangle(283) : 0.026417936906510097056, 18594.000000000000000, 3398.0000000000000000, 0.0000000000, 3.2027871202723523439, 13588
Rectangle(284) : 0.026563294931694153867, 18478.000000000000000, 3376.0000000000000000, 0.0000000000, 3.1983067567942173665, 13500
Rectangle(285) : 0.026709323005987595656, 18362.000000000000000, 3355.0000000000000000, 0.0000000000, 3.1938182826895255639, 13416
Rectangle(286) : 0.026856029153612556203, 18245.000000000000000, 3334.0000000000000000, 0.0000000000, 3.1893215809162112715, 13332
Rectangle(287) : 0.027003429623928599572, 18130.000000000000000, 3312.0000000000000000, 0.0000000000, 3.1848162859054439447, 13244
Rectangle(288) : 0.027151516567442413358, 18014.000000000000000, 3291.0000000000000000, 0.0000000000, 3.1803027709130768284, 13160
Rectangle(289) : 0.027300306551394510440, 17899.000000000000000, 3270.0000000000000000, 0.0000000000, 3.1757806652077400503, 13076
Rectangle(290) : 0.027449799856339353171, 17783.000000000000000, 3249.0000000000000000, 0.0000000000, 3.1712500964138864916, 12992
Rectangle(291) : 0.027600013548990418036, 17668.000000000000000, 3228.0000000000000000, 0.0000000000, 3.1667106854538885537, 12908
Rectangle(292) : 0.027750948045563538285, 17554.000000000000000, 3207.0000000000000000, 0.0000000000, 3.1621625599148023220, 12824
Rectangle(293) : 0.027902603654536695532, 17439.000000000000000, 3186.0000000000000000, 0.0000000000, 3.1576058505037181659, 12740
Rectangle(294) : 0.028054998049312985352, 17325.000000000000000, 3165.0000000000000000, 0.0000000000, 3.1530401682771431850, 12656
Rectangle(295) : 0.028208131680959573703, 17211.000000000000000, 3144.0000000000000000, 0.0000000000, 3.1484656438961969827, 12572
Rectangle(296) : 0.028362013828649783277, 17097.000000000000000, 3123.0000000000000000, 0.0000000000, 3.1438821453422420470, 12488
Rectangle(297) : 0.028516653949451224585, 16983.000000000000000, 3102.0000000000000000, 0.0000000000, 3.1392895382790933059, 12404
Rectangle(298) : 0.028672061682965862359, 16869.000000000000000, 3082.0000000000000000, 0.0000000000, 3.1346876859949289091, 12324
Rectangle(299) : 0.028828246856123425280, 16756.000000000000000, 3061.0000000000000000, 0.0000000000, 3.1300764493423478333, 12240
Rectangle(300) : 0.028985210119989643221, 16643.000000000000000, 3040.0000000000000000, 0.0000000000, 3.1254559620346678735, 12156
Rectangle(301) : 0.029142961484649540348, 16530.000000000000000, 3019.0000000000000000, 0.0000000000, 3.1208260834563857269, 12072
Rectangle(302) : 0.029301511156969950858, 16417.000000000000000, 2999.0000000000000000, 0.0000000000, 3.1161866704585010251, 11992
Rectangle(303) : 0.029460869545863079994, 16304.000000000000000, 2978.0000000000000000, 0.0000000000, 3.1115375772934111513, 11908
Rectangle(304) : 0.029621047267728475673, 16192.000000000000000, 2958.0000000000000000, 0.0000000000, 3.1068786555476758289, 11828
Rectangle(305) : 0.029782045208412003083, 16080.000000000000000, 2937.0000000000000000, 0.0000000000, 3.1022100419813182623, 11744
Rectangle(306) : 0.029943874191122284069, 15968.000000000000000, 2917.0000000000000000, 0.0000000000, 3.0975315865104698090, 11664
Rectangle(307) : 0.030106545257411767399, 15856.000000000000000, 2896.0000000000000000, 0.0000000000, 3.0928431362737085347, 11580
Rectangle(308) : 0.030270069673170704618, 15745.000000000000000, 2876.0000000000000000, 0.0000000000, 3.0881445355588219681, 11500
Rectangle(309) : 0.030434448494101719033, 15634.000000000000000, 2855.0000000000000000, 0.0000000000, 3.0834359243387084679, 11416
Rectangle(310) : 0.030599693212301713178, 15523.000000000000000, 2835.0000000000000000, 0.0000000000, 3.0787171450735024957, 11336
Rectangle(311) : 0.030765815556247696718, 15412.000000000000000, 2815.0000000000000000, 0.0000000000, 3.0739880372496136375, 11256
Rectangle(312) : 0.030932827497413646215, 15301.000000000000000, 2794.0000000000000000, 0.0000000000, 3.0692484372997836342, 11172
Rectangle(313) : 0.031100741257122147857, 15191.000000000000000, 2774.0000000000000000, 0.0000000000, 3.0644981785204053876, 11092
Rectangle(314) : 0.031269558199951481370, 15081.000000000000000, 2754.0000000000000000, 0.0000000000, 3.0597374039060941911, 11012
Rectangle(315) : 0.031439290804149219861, 14971.000000000000000, 2734.0000000000000000, 0.0000000000, 3.0549659446637329117, 10932
Rectangle(316) : 0.031609951811741480426, 14861.000000000000000, 2714.0000000000000000, 0.0000000000, 3.0501836287226214757, 10852
Rectangle(317) : 0.031781554236122250325, 14751.000000000000000, 2694.0000000000000000, 0.0000000000, 3.0453902806439351385, 10772
Rectangle(318) : 0.031954111369919547806, 14642.000000000000000, 2674.0000000000000000, 0.0000000000, 3.0405857215269949196, 10692
Rectangle(319) : 0.032127624941940241353, 14533.000000000000000, 2654.0000000000000000, 0.0000000000, 3.0357700972942049050, 10612
Rectangle(320) : 0.032302108537708094165, 14424.000000000000000, 2634.0000000000000000, 0.0000000000, 3.0309432266487620350, 10532
Rectangle(321) : 0.032477576038169045498, 14315.000000000000000, 2614.0000000000000000, 0.0000000000, 3.0261049246690350345, 10452
Rectangle(322) : 0.032654041628435831040, 14207.000000000000000, 2594.0000000000000000, 0.0000000000, 3.0212550027055710933, 10372
Rectangle(323) : 0.032831507314555741725, 14098.000000000000000, 2574.0000000000000000, 0.0000000000, 3.0163936099176266769, 10292
Rectangle(324) : 0.033010000264613737659, 13990.000000000000000, 2555.0000000000000000, 0.0000000000, 3.0115202099312793831, 10216
Rectangle(325) : 0.033189522795702463847, 13882.000000000000000, 2535.0000000000000000, 0.0000000000, 3.0066349509406335988, 10136
Rectangle(326) : 0.033370090073539996883, 13775.000000000000000, 2515.0000000000000000, 0.0000000000, 3.0017376336814153470, 10056
Rectangle(327) : 0.033551704420812694912, 13667.000000000000000, 2495.0000000000000000, 0.0000000000, 2.9968284105616981247, 9976
Rectangle(328) : 0.033734394726699992645, 13560.000000000000000, 2476.0000000000000000, 0.0000000000, 2.9919067199182511289, 9900
Rectangle(329) : 0.033918163658847356298, 13453.000000000000000, 2456.0000000000000000, 0.0000000000, 2.9869727130130209828, 9820
Rectangle(330) : 0.034103027459710585391, 13347.000000000000000, 2437.0000000000000000, 0.0000000000, 2.9820261790408973467, 9744
Rectangle(331) : 0.034288988812751785461, 13240.000000000000000, 2417.0000000000000000, 0.0000000000, 2.9770672736427100285, 9664
Rectangle(332) : 0.034476078485987639693, 13134.000000000000000, 2398.0000000000000000, 0.0000000000, 2.9720954079376879876, 9588
Rectangle(333) : 0.034664299546436679436, 13028.000000000000000, 2378.0000000000000000, 0.0000000000, 2.9671107362105296034, 9508
Rectangle(334) : 0.034853669421798249102, 12922.000000000000000, 2359.0000000000000000, 0.0000000000, 2.9621130350788667033, 9432
Rectangle(335) : 0.035044205951366339700, 12816.000000000000000, 2340.0000000000000000, 0.0000000000, 2.9571020762980501342, 9356
Rectangle(336) : 0.035235927399267248730, 12711.000000000000000, 2320.0000000000000000, 0.0000000000, 2.9520776266111383454, 9276
Rectangle(337) : 0.035428837290433257569, 12606.000000000000000, 2301.0000000000000000, 0.0000000000, 2.9470398432559017380, 9200
Rectangle(338) : 0.035622954365100551059, 12501.000000000000000, 2282.0000000000000000, 0.0000000000, 2.9419884890532053082, 9124
Rectangle(339) : 0.035818297816748675634, 12396.000000000000000, 2263.0000000000000000, 0.0000000000, 2.9369233215347167045, 9048
Rectangle(340) : 0.036014887307030598569, 12292.000000000000000, 2244.0000000000000000, 0.0000000000, 2.9318440927757987111, 8972
Rectangle(341) : 0.036212726885030582193, 12188.000000000000000, 2225.0000000000000000, 0.0000000000, 2.9267509628519237930, 8896
Rectangle(342) : 0.036411836744142161106, 12084.000000000000000, 2206.0000000000000000, 0.0000000000, 2.9216436794654628994, 8820
Rectangle(343) : 0.036612237578258799876, 11980.000000000000000, 2187.0000000000000000, 0.0000000000, 2.9165219845502363865, 8744
Rectangle(344) : 0.036813950598672008256, 11876.000000000000000, 2168.0000000000000000, 0.0000000000, 2.9113856140847432996, 8668
Rectangle(345) : 0.037016997551693626924, 11773.000000000000000, 2149.0000000000000000, 0.0000000000, 2.9062342978976666192, 8592
Rectangle(346) : 0.037221383375009490902, 11670.000000000000000, 2130.0000000000000000, 0.0000000000, 2.9010681974967487352, 8516
Rectangle(347) : 0.037427130435634747863, 11567.000000000000000, 2111.0000000000000000, 0.0000000000, 2.8958870375922583896, 8440
Rectangle(348) : 0.037634261674295788616, 11464.000000000000000, 2092.0000000000000000, 0.0000000000, 2.8906905363740667368, 8364
Rectangle(349) : 0.037842800625479848869, 11362.000000000000000, 2074.0000000000000000, 0.0000000000, 2.8854784052931822208, 8292
Rectangle(350) : 0.038052752958281572353, 11260.000000000000000, 2055.0000000000000000, 0.0000000000, 2.8802508080950006005, 8216
Rectangle(351) : 0.038264142905714520896, 11158.000000000000000, 2036.0000000000000000, 0.0000000000, 2.8750074504837471623, 8140
Rectangle(352) : 0.038476995338989637150, 11056.000000000000000, 2018.0000000000000000, 0.0000000000, 2.8697480310031404147, 8068
Rectangle(353) : 0.038691335790419009474, 10955.000000000000000, 1999.0000000000000000, 0.0000000000, 2.8644722407900605378, 7992
Rectangle(354) : 0.038907170773603862102, 10854.000000000000000, 1981.0000000000000000, 0.0000000000, 2.8591802454884400829, 7920
Rectangle(355) : 0.039124526609746154352, 10753.000000000000000, 1962.0000000000000000, 0.0000000000, 2.8538717297617228317, 7844
Rectangle(356) : 0.039343430332406037439, 10652.000000000000000, 1944.0000000000000000, 0.0000000000, 2.8485463703847764880, 7772
Rectangle(357) : 0.039563909713778998056, 10552.000000000000000, 1925.0000000000000000, 0.0000000000, 2.8432038359650046159, 7696
Rectangle(358) : 0.039785972245617986363, 10451.000000000000000, 1907.0000000000000000, 0.0000000000, 2.8378442936039437509, 7624
Rectangle(359) : 0.040009667996608699572, 10351.000000000000000, 1889.0000000000000000, 0.0000000000, 2.8324668911375612521, 7552
Rectangle(360) : 0.040235005344800909141, 10252.000000000000000, 1871.0000000000000000, 0.0000000000, 2.8270717911843967720, 7480
Rectangle(361) : 0.040461992448896148780, 10152.000000000000000, 1852.0000000000000000, 0.0000000000, 2.8216591641111367738, 7404
Rectangle(362) : 0.040690682279876363198, 10053.000000000000000, 1834.0000000000000000, 0.0000000000, 2.8162281206497624179, 7332
Rectangle(363) : 0.040921083963020674589, 9954.0000000000000000, 1816.0000000000000000, 0.0000000000, 2.8107788262424290595, 7260
Rectangle(364) : 0.041153229716109124364, 9855.0000000000000000, 1798.0000000000000000, 0.0000000000, 2.8053109063329771394, 7188
Rectangle(365) : 0.041387152689861836403, 9757.0000000000000000, 1780.0000000000000000, 0.0000000000, 2.7998239763241216785, 7116
Rectangle(366) : 0.041622862844245778360, 9658.0000000000000000, 1762.0000000000000000, 0.0000000000, 2.7943182043616771435, 7044
Rectangle(367) : 0.041860419088226072121, 9560.0000000000000000, 1744.0000000000000000, 0.0000000000, 2.7887926255282790267, 6972
Rectangle(368) : 0.042099832542779239383, 9463.0000000000000000, 1726.0000000000000000, 0.0000000000, 2.7832474017514677779, 6900
Rectangle(369) : 0.042341114102723386882, 9365.0000000000000000, 1708.0000000000000000, 0.0000000000, 2.7776827037173772305, 6828
Rectangle(370) : 0.042584326350851243500, 9268.0000000000000000, 1691.0000000000000000, 0.0000000000, 2.7720975211251733680, 6760
Rectangle(371) : 0.042829481456712828887, 9171.0000000000000000, 1673.0000000000000000, 0.0000000000, 2.7664920177920010739, 6688
Rectangle(372) : 0.043076618303053686054, 9074.0000000000000000, 1655.0000000000000000, 0.0000000000, 2.7608657546590434320, 6616
Rectangle(373) : 0.043325776971188912352, 8978.0000000000000000, 1638.0000000000000000, 0.0000000000, 2.7552182801242745533, 6548
Rectangle(374) : 0.043576970809474084390, 8881.0000000000000000, 1620.0000000000000000, 0.0000000000, 2.7495497595889057709, 6476
Rectangle(375) : 0.043830269960424304609, 8785.0000000000000000, 1603.0000000000000000, 0.0000000000, 2.7438590897361818938, 6408
Rectangle(376) : 0.044085689321805770960, 8690.0000000000000000, 1585.0000000000000000, 0.0000000000, 2.7381464272520837394, 6336
Rectangle(377) : 0.044343243571201868053, 8594.0000000000000000, 1568.0000000000000000, 0.0000000000, 2.7324119387359938489, 6268
Rectangle(378) : 0.044603007585483459146, 8499.0000000000000000, 1550.0000000000000000, 0.0000000000, 2.7266544644486325535, 6196
Rectangle(379) : 0.044864997756615196121, 8404.0000000000000000, 1533.0000000000000000, 0.0000000000, 2.7208741612983716110, 6128
Rectangle(380) : 0.045129261697750176085, 8309.0000000000000000, 1516.0000000000000000, 0.0000000000, 2.7150705077155929820, 6060
Rectangle(381) : 0.045395848592408449400, 8215.0000000000000000, 1498.0000000000000000, 0.0000000000, 2.7092429661698417430, 5988
Rectangle(382) : 0.045664776524991509868, 8121.0000000000000000, 1481.0000000000000000, 0.0000000000, 2.7033916931641692452, 5920
Rectangle(383) : 0.045936096767962100836, 8027.0000000000000000, 1464.0000000000000000, 0.0000000000, 2.6975161344709121843, 5852
Rectangle(384) : 0.046209862326012544611, 7933.0000000000000000, 1447.0000000000000000, 0.0000000000, 2.6916157184873917325, 5784
Rectangle(385) : 0.046486128015976920223, 7840.0000000000000000, 1430.0000000000000000, 0.0000000000, 2.6856898554686751579, 5716
Rectangle(386) : 0.046764914987337720626, 7747.0000000000000000, 1413.0000000000000000, 0.0000000000, 2.6797386940535128653, 5648
Rectangle(387) : 0.047046280508707736486, 7654.0000000000000000, 1396.0000000000000000, 0.0000000000, 2.6737616249998797192, 5580
Rectangle(388) : 0.047330283856630375592, 7562.0000000000000000, 1379.0000000000000000, 0.0000000000, 2.6677580192324736272, 5512
Rectangle(389) : 0.047616948498158076415, 7469.0000000000000000, 1362.0000000000000000, 0.0000000000, 2.6617280224705908724, 5444
Rectangle(390) : 0.047906375198180916270, 7377.0000000000000000, 1345.0000000000000000, 0.0000000000, 2.6556701750717472804, 5376
Rectangle(391) : 0.048198590214457417189, 7286.0000000000000000, 1329.0000000000000000, 0.0000000000, 2.6495846060390216854, 5312
Rectangle(392) : 0.048493619669033181900, 7194.0000000000000000, 1312.0000000000000000, 0.0000000000, 2.6434714568763922563, 5244
Rectangle(393) : 0.048791572331929538900, 7103.0000000000000000, 1295.0000000000000000, 0.0000000000, 2.6373291792526349732, 5176
Rectangle(394) : 0.049092477467682408810, 7012.0000000000000000, 1279.0000000000000000, 0.0000000000, 2.6311578957923994632, 5112
Rectangle(395) : 0.049396407572615723052, 6922.0000000000000000, 1262.0000000000000000, 0.0000000000, 2.6249568603378731751, 5044
Rectangle(396) : 0.049703393539148209786, 6831.0000000000000000, 1246.0000000000000000, 0.0000000000, 2.6187261982917437327, 4980
Rectangle(397) : 0.050013556941035450854, 6741.0000000000000000, 1229.0000000000000000, 0.0000000000, 2.6124642207573031161, 4912
Rectangle(398) : 0.050326932437364972159, 6652.0000000000000000, 1213.0000000000000000, 0.0000000000, 2.6061710301610041694, 4848
Rectangle(399) : 0.050643554660780637247, 6562.0000000000000000, 1196.0000000000000000, 0.0000000000, 2.5998467427898933129, 4780
Rectangle(400) : 0.050963555688331672498, 6473.0000000000000000, 1180.0000000000000000, 0.0000000000, 2.5934895576175517128, 4716
Rectangle(401) : 0.051286974436611844244, 6384.0000000000000000, 1164.0000000000000000, 0.0000000000, 2.5870995647457406893, 4652
Rectangle(402) : 0.051613901060162242221, 6296.0000000000000000, 1148.0000000000000000, 0.0000000000, 2.5806758655191003494, 4588
Rectangle(403) : 0.051944376896489926521, 6207.0000000000000000, 1132.0000000000000000, 0.0000000000, 2.5742185500595739672, 4524
Rectangle(404) : 0.052278550982209207005, 6119.0000000000000000, 1116.0000000000000000, 0.0000000000, 2.5677256380975639063, 4460
Rectangle(405) : 0.052616469864068589896, 6032.0000000000000000, 1100.0000000000000000, 0.0000000000, 2.5611971875026047254, 4396
Rectangle(406) : 0.052958180273137324101, 5944.0000000000000000, 1084.0000000000000000, 0.0000000000, 2.5546332712998978633, 4332
Rectangle(407) : 0.053303845359156822396, 5857.0000000000000000, 1068.0000000000000000, 0.0000000000, 2.5480317643185776393, 4268
Rectangle(408) : 0.053653517847515807821, 5771.0000000000000000, 1052.0000000000000000, 0.0000000000, 2.5413927024317343597, 4204
Rectangle(409) : 0.054007250771174053249, 5684.0000000000000000, 1036.0000000000000000, 0.0000000000, 2.5347161372560592950, 4140
Rectangle(410) : 0.054365223349860903934, 5598.0000000000000000, 1020.0000000000000000, 0.0000000000, 2.5279997815600303324, 4076
Rectangle(411) : 0.054727495550925575304, 5512.0000000000000000, 1005.0000000000000000, 0.0000000000, 2.5212436439526603066, 4016
Rectangle(412) : 0.055094194325227581891, 5427.0000000000000000, 989.00000000000000000, 0.0000000000, 2.5144465201617490562, 3952
Rectangle(413) : 0.055465384028592562370, 5341.0000000000000000, 974.00000000000000000, 0.0000000000, 2.5076084109007073395, 3892
Rectangle(414) : 0.055841270269165621224, 5257.0000000000000000, 958.00000000000000000, 0.0000000000, 2.5007267659162649496, 3828
Rectangle(415) : 0.056221853637230347294, 5172.0000000000000000, 943.00000000000000000, 0.0000000000, 2.4938028449706181720, 3768
Rectangle(416) : 0.056607353027209198448, 5088.0000000000000000, 927.00000000000000000, 0.0000000000, 2.4868339717559397832, 3704
Rectangle(417) : 0.056997847125431670890, 5004.0000000000000000, 912.00000000000000000, 0.0000000000, 2.4798200789161947318, 3644
Rectangle(418) : 0.057393494623216681828, 4920.0000000000000000, 897.00000000000000000, 0.0000000000, 2.4727597100135592388, 3584
Rectangle(419) : 0.057794462043951145087, 4837.0000000000000000, 882.00000000000000000, 0.0000000000, 2.4656513416398656309, 3524
Rectangle(420) : 0.058200840241519858263, 4754.0000000000000000, 866.00000000000000000, 0.0000000000, 2.4584948539715437888, 3460
Rectangle(421) : 0.058612808027378407651, 4671.0000000000000000, 851.00000000000000000, 0.0000000000, 2.4512886338068795134, 3400
Rectangle(422) : 0.059030553399634215725, 4589.0000000000000000, 836.00000000000000000, 0.0000000000, 2.4440309907079465441, 3340
Rectangle(423) : 0.059454181856968699609, 4507.0000000000000000, 821.00000000000000000, 0.0000000000, 2.4367217393984524051, 3280
Rectangle(424) : 0.059883896021468023417, 4426.0000000000000000, 807.00000000000000000, 0.0000000000, 2.4293590837481637764, 3224
Rectangle(425) : 0.060319810861899149440, 4344.0000000000000000, 792.00000000000000000, 0.0000000000, 2.4219428079457656176, 3164
Rectangle(426) : 0.060762247051573589039, 4263.0000000000000000, 777.00000000000000000, 0.0000000000, 2.4144692861889314409, 3104
Rectangle(427) : 0.061211336726963908401, 4183.0000000000000000, 762.00000000000000000, 0.0000000000, 2.4069381957093139667, 3044
Rectangle(428) : 0.061667214851685236148, 4103.0000000000000000, 748.00000000000000000, 0.0000000000, 2.3993492281727234358, 2988
Rectangle(429) : 0.062130132041100962065, 4023.0000000000000000, 733.00000000000000000, 0.0000000000, 2.3917002341232195866, 2928
Rectangle(430) : 0.062600353327236487689, 3943.0000000000000000, 719.00000000000000000, 0.0000000000, 2.3839889488345355782, 2872
Rectangle(431) : 0.063078159299550597651, 3864.0000000000000000, 704.00000000000000000, 0.0000000000, 2.3762129836006085567, 2812
Rectangle(432) : 0.063563721665906862805, 3785.0000000000000000, 690.00000000000000000, 0.0000000000, 2.3683718380662368382, 2756
Rectangle(433) : 0.064057346986399924057, 3707.0000000000000000, 676.00000000000000000, 0.0000000000, 2.3604629423886437815, 2700
Rectangle(434) : 0.064559225309137621327, 3629.0000000000000000, 661.00000000000000000, 0.0000000000, 2.3524857227206711456, 2640
Rectangle(435) : 0.065069692579107494886, 3551.0000000000000000, 647.00000000000000000, 0.0000000000, 2.3444374069259986285, 2584
Rectangle(436) : 0.065589106098376996049, 3474.0000000000000000, 633.00000000000000000, 0.0000000000, 2.3363150584872233671, 2528
Rectangle(437) : 0.066117694198114250904, 3397.0000000000000000, 619.00000000000000000, 0.0000000000, 2.3281179131028841498, 2472
Rectangle(438) : 0.066655850781306150860, 3321.0000000000000000, 605.00000000000000000, 0.0000000000, 2.3198427855853051753, 2416
Rectangle(439) : 0.067203831144324911828, 3245.0000000000000000, 591.00000000000000000, 0.0000000000, 2.3114887965825105304, 2360
Rectangle(440) : 0.067762071143271756368, 3169.0000000000000000, 578.00000000000000000, 0.0000000000, 2.3030524797355077212, 2308
Rectangle(441) : 0.068331036898947208473, 3094.0000000000000000, 564.00000000000000000, 0.0000000000, 2.2945301441374943518, 2252
Rectangle(442) : 0.068911040177595396693, 3019.0000000000000000, 550.00000000000000000, 0.0000000000, 2.2859206246810025814, 2196
Rectangle(443) : 0.069502600503756709240, 2944.0000000000000000, 537.00000000000000000, 0.0000000000, 2.2772198776039231350, 2144
Rectangle(444) : 0.070106275733921085305, 2870.0000000000000000, 523.00000000000000000, 0.0000000000, 2.2684235807261455141, 2088
Rectangle(445) : 0.070722451197588731826, 2797.0000000000000000, 510.00000000000000000, 0.0000000000, 2.2595301913159275597, 2036
Rectangle(446) : 0.071351528849113911504, 2723.0000000000000000, 496.00000000000000000, 0.0000000000, 2.2505381378291492265, 1980
Rectangle(447) : 0.071994399997784182979, 2651.0000000000000000, 483.00000000000000000, 0.0000000000, 2.2414391746981380432, 1928
Rectangle(448) : 0.072651298969756321056, 2578.0000000000000000, 470.00000000000000000, 0.0000000000, 2.2322347121351783311, 1876
Rectangle(449) : 0.073323228648629547717, 2506.0000000000000000, 457.00000000000000000, 0.0000000000, 2.2229156823663498363, 1824
Rectangle(450) : 0.074010744882614523709, 2435.0000000000000000, 444.00000000000000000, 0.0000000000, 2.2134796903034382622, 1772
Rectangle(451) : 0.074714432640439344351, 2364.0000000000000000, 431.00000000000000000, 0.0000000000, 2.2039242634078745596, 1720
Rectangle(452) : 0.075435212785704942726, 2293.0000000000000000, 418.00000000000000000, 0.0000000000, 2.1942427768148733920, 1668
Rectangle(453) : 0.076174088833160186246, 2223.0000000000000000, 405.00000000000000000, 0.0000000000, 2.1844280507699832132, 1616
Rectangle(454) : 0.076931816251410291156, 2154.0000000000000000, 393.00000000000000000, 0.0000000000, 2.1744767374816038340, 1568
Rectangle(455) : 0.077709196352376681051, 2085.0000000000000000, 380.00000000000000000, 0.0000000000, 2.1643853464525254264, 1516
Rectangle(456) : 0.078507462705591321543, 2016.0000000000000000, 368.00000000000000000, 0.0000000000, 2.1541453555544196794, 1468
Rectangle(457) : 0.079327971314497283686, 1948.0000000000000000, 355.00000000000000000, 0.0000000000, 2.1437474534341957320, 1416
Rectangle(458) : 0.080171784175603133651, 1880.0000000000000000, 343.00000000000000000, 0.0000000000, 2.1331868253095403564, 1368
Rectangle(459) : 0.081040500572044378521, 1813.0000000000000000, 331.00000000000000000, 0.0000000000, 2.1224527241504807163, 1320
Rectangle(460) : 0.081935400033793126848, 1747.0000000000000000, 319.00000000000000000, 0.0000000000, 2.1115392938852440130, 1272
Rectangle(461) : 0.082857860991941520673, 1681.0000000000000000, 307.00000000000000000, 0.0000000000, 2.1004403191521019650, 1224
Rectangle(462) : 0.083809937326951694358, 1615.0000000000000000, 295.00000000000000000, 0.0000000000, 2.0891425213081555957, 1176
Rectangle(463) : 0.084793926504232286059, 1551.0000000000000000, 283.00000000000000000, 0.0000000000, 2.0776311527037103907, 1128
Rectangle(464) : 0.085811096815453246981, 1486.0000000000000000, 271.00000000000000000, 0.0000000000, 2.0659047920431366108, 1080
Rectangle(465) : 0.086864868546303271618, 1423.0000000000000000, 260.00000000000000000, 0.0000000000, 2.0539386277298127086, 1036
Rectangle(466) : 0.087956884447729703599, 1360.0000000000000000, 248.00000000000000000, 0.0000000000, 2.0417299446274582062, 988
Rectangle(467) : 0.089090509407014599339, 1297.0000000000000000, 237.00000000000000000, 0.0000000000, 2.0292583919818847461, 944
Rectangle(468) : 0.090269582955188758742, 1235.0000000000000000, 226.00000000000000000, 0.0000000000, 2.0165009430227887844, 900
Rectangle(469) : 0.091497518941442029013, 1174.0000000000000000, 215.00000000000000000, 0.0000000000, 2.0034418772412553828, 856
Rectangle(470) : 0.092778133828359623036, 1114.0000000000000000, 204.00000000000000000, 0.0000000000, 1.9900638623639607170, 812
Rectangle(471) : 0.094115713597088492620, 1054.0000000000000000, 193.00000000000000000, 0.0000000000, 1.9763477054890937758, 768
Rectangle(472) : 0.095516422995085735292, 995.00000000000000000, 182.00000000000000000, 0.0000000000, 1.9622588288975684291, 724
Rectangle(473) : 0.096986029858299371904, 937.00000000000000000, 172.00000000000000000, 0.0000000000, 1.9477714305332415513, 684
Rectangle(474) : 0.098531143444780953068, 879.00000000000000000, 161.00000000000000000, 0.0000000000, 1.9328563719935433288, 640
Rectangle(475) : 0.10016124170643458598, 823.00000000000000000, 151.00000000000000000, 0.0000000000, 1.9174632344726047754, 600
Rectangle(476) : 0.10188355426350943990, 767.00000000000000000, 141.00000000000000000, 0.0000000000, 1.9015702203361101277, 560
Rectangle(477) : 0.10371089483761127840, 712.00000000000000000, 131.00000000000000000, 0.0000000000, 1.8851122091643600668, 520
Rectangle(478) : 0.10565627715385335714, 658.00000000000000000, 121.00000000000000000, 0.0000000000, 1.8680339169286203364, 480
Rectangle(479) : 0.10773535605496068288, 605.00000000000000000, 112.00000000000000000, 0.0000000000, 1.8502699464753684140, 444
Rectangle(480) : 0.10996720720615963894, 553.00000000000000000, 102.00000000000000000, 0.0000000000, 1.8317419929269664015, 404
Rectangle(481) : 0.11237542057492449681, 502.00000000000000000, 93.000000000000000000, 0.0000000000, 1.8123549819398879521, 368
Rectangle(482) : 0.11498967352699598675, 453.00000000000000000, 84.000000000000000000, 0.0000000000, 1.7919916017109555711, 332
Rectangle(483) : 0.11784175211796939861, 404.00000000000000000, 75.000000000000000000, 0.0000000000, 1.7705509033874890306, 296
Rectangle(484) : 0.12098668009665130215, 357.00000000000000000, 67.000000000000000000, 0.0000000000, 1.7478027029544910266, 264
Rectangle(485) : 0.12448192576319049270, 312.00000000000000000, 59.000000000000000000, 0.0000000000, 1.7235648717500450491, 232
Rectangle(486) : 0.12840360804444063709, 268.00000000000000000, 51.000000000000000000, 0.0000000000, 1.6976058882700791697, 200
Rectangle(487) : 0.13287228673201555936, 226.00000000000000000, 43.000000000000000000, 0.0000000000, 1.6695212673719096092, 168
Rectangle(488) : 0.13804715959649303551, 186.00000000000000000, 36.000000000000000000, 0.0000000000, 1.6388512240060564959, 140
Rectangle(489) : 0.14417001563953635000, 148.00000000000000000, 29.000000000000000000, 0.0000000000, 1.6049299317297434967, 112
Rectangle(490) : 0.15163575842149407633, 113.00000000000000000, 23.000000000000000000, 0.0000000000, 1.5667257278025225021, 88
Rectangle(491) : 0.16107580911001197458, 82.000000000000000000, 17.000000000000000000, 0.0000000000, 1.5228503833109521955, 64
Rectangle(492) : 0.17354959427234065989, 55.000000000000000000, 13.000000000000000000, 0.0000000000, 1.4714692759513059035, 48

Overall winding number: 0.000000 

cpu/wall(s): 857.702 189.055
